1
F128 9 18 28 37 46 55 64 72 80 88 96 104 112 120 128
F129 8 16 24 32 40 48 56 64 72 80 88 96 104 112 120
na
same same
rain
night day

2
F128 136 144 152 160 167 175 183 191 199 207 215 223 231 239 248
F129 128 136 144 152 160 168 176 184 192 200 208 216 224 232 240
na
same same
rain
night day

3
F128 256 264 272 280 288 296 303 311 319 327 334 342 350 358 365
F129 248 256 264 272 280 288 296 304 312 320 328 336 344 352 360
na
same same
rain
night day

4
F128 373 381 388 395 403 410 418 425 432 440 447 454 462 470 478
F129 368 376 384 392 400 408 416 424 432 440 448 456 464 472 480
na
same same
rain
night day

5
F128 485 493 501 509 517 524 532 540 547 555 562 570 577 585 592
F129 488 496 504 512 520 528 536 544 552 560 568 576 584 592 600
na
same same
rain
night day

6
F128 599 607 614 622 629 637 645 653 661 669 677 685 693 702 710
F129 608 616 624 632 640 648 656 664 672 680 688 696 704 712 720
na
same same
rain
night day

7
F128 718 727 735 744 752 760 769 777 785 793 801 809 818 826 834
F129 728 736 744 752 760 768 776 784 792 800 808 816 824 832 840
na
same same
rain
night day

8
F128 842 850 858 866 874 882 890 898 906 914 922 930 938 946 954
F129 848 856 864 872 880 888 896 904 912 920 928 936 944 952 960
na
same same
rain
night day

9
F128 963 971 979 987 995 1003 1011 1019 1027 1036 1044 1052 1060 1068 1077
F129 968 976 984 992 1000 1008 1016 1024 1032 1040 1048 1056 1064 1072 1080
na
same same
rain
night day

10
F128 1085 1093 1101 1109 1118 1126 1134 1142 1150 1157 1165 1173 1181 1189 1197
F129 1088 1096 1104 1112 1120 1128 1136 1144 1152 1160 1168 1176 1184 1192 1200
na
same same
rain
night day

11
F128 1204 1212 1220 1228 1237 1246 1256 1265 1274 1284 1293 1302 1312 1321 1330
F129 1208 1216 1224 1232 1240 1248 1256 1264 1272 1280 1288 1296 1304 1312 1320
na
same same
rain
night day

12
F128 1340 1349 1357 1366 1374 1383 1391 1400 1408 1417 1425 1434 1442 1451 1459
F129 1328 1336 1344 1352 1360 1368 1376 1384 1392 1400 1408 1416 1424 1432 1440
na
same same
rain
night day

13
F128 1468 1476 1485 1493 1502 1511 1519 1528 1536 1545 1553 1562 1571 1580 1589
F129 1448 1456 1464 1472 1480 1488 1496 1504 1512 1520 1528 1536 1544 1552 1560
na
same same
rain
night day

14
F128 1598 1607 1616 1624 1633 1642 1651 1659 1668 1677 1685 1694 1703 1712 1720
F129 1568 1576 1584 1592 1600 1608 1616 1624 1632 1640 1648 1656 1664 1672 1680
na
same same
rain
night day

15
F128 1729 1738 1746 1755 1764 1773 1781 1790 1799 1808 1816 1825 1834 1843 1852
F129 1688 1696 1704 1712 1720 1728 1736 1744 1752 1760 1768 1776 1784 1792 1800
na
same same
rain
night day

16
F128 1861 1870 1879 1888 1897 1906 1916 1925 1934 1942 1951 1959 1968 1976 1984
F129 1808 1816 1824 1832 1840 1848 1856 1864 1872 1880 1888 1896 1904 1912 1920
na
same same
rain
night day

17
F128 1993 2001 2010 2018 2027 2035 2044 2052 2061 2069 2078 2086 2095 2103 2111
F129 1928 1936 1944 1952 1960 1968 1976 1984 1992 2000 2008 2016 2024 2032 2040
na
same same
rain
night day

18
F128 2120 2128 2137 2145 2154 2162 2170 2179 2187 2196 2204 2212 2220 2229 2237
F129 2048 2056 2064 2072 2080 2088 2096 2104 2112 2120 2128 2136 2144 2152 2160
na
same same
rain
night day

19
F128 2245 2254 2262 2270 2278 2287 2295 2303 2311 2319 2328 2336 2344 2352 2361
F129 2168 2176 2184 2192 2200 2208 2216 2224 2232 2240 2248 2256 2264 2272 2280
na
same same
rain
night day

20
F128 2369 2377 2386 2394 2402 2411 2419 2427 2436 2444 2454 2463 2472 2481 2490
F129 2288 2296 2304 2312 2320 2328 2336 2344 2352 2360 2368 2376 2384 2392 2400
na
same same
rain
night day

21
F128 2500 2510 2522 2534 2547 2562 2577 2595 2623 3945 3956 3967 3979 3990 4000
F129 2408 2416 2424 2432 2440 2448 2456 2464 2472 2480 2488 2496 2504 2512 2520
na
same same
rain
night day

22
F128 4009 4019 4029 4039 4049 4058 4066 4075 4084 4092 4101 4109 4117 4126 4134
F129 2528 2536 2544 2552 2560 2568 2576 2584 2592 2600 2608 2616 2624 2632 2640
na
same same
rain
night day

23
F128 4143 4151 4161 4170 4179 4189 4198 4207 4216 4226 4235 4244 4252 4261 4270
F129 2648 2656 2664 2672 2680 2688 2696 2704 2712 2720 2728 2736 2744 2752 2760
na
same same
rain
night day

24
F128 4279 4287 4296 4304 4312 4320 4328 4335 4343 4351 4359 4367 4375 4384 4392
F129 2768 2776 2784 2792 2800 2808 2816 2824 2832 2840 2848 2856 2864 2872 2880
na
same same
rain
night day

25
F128 4401 4410 4418 4427 4436 4444 4453 4462 4472 4482 4491 4501 4511 4520 4531
F129 2888 2896 2904 2912 2920 2928 2936 2944 2952 2960 2968 2976 2984 2992 3000
na
same same
rain
night day

26
F128 4541 4552 4563 4572 4582 4598 4633 4678 4963 4988 5011 5032 5046 5059 5071
F129 3008 3016 3024 3032 3040 3048 3056 3064 3072 3080 3088 3096 3104 3112 3120
na
same same
rain
night day

27
F128 5083 5095 5105 5116 5126 5137 5147 5158 5168 5176 5184 5192 5200 5208 5217
F129 3128 3136 3144 3152 3160 3168 3176 3184 3192 3200 3208 3216 3224 3232 3240
na
same same
rain
night day

28
F128 5225 5234 5242 5251 5259 5268 5276 5284 5293 5301 5309 5318 5326 5334 5343
F129 3248 3256 3264 3272 3280 3288 3296 3304 3312 3320 3328 3336 3344 3352 3360
na
same same
rain
night day

29
F128 5351 5359 5368 5376 5385 5393 5401 5410 5418 5427 5435 5444 5452 5460 5468
F129 3368 3376 3384 3392 3400 3408 3416 3424 3432 3440 3448 3456 3464 3472 3480
na
same same
rain
night day

30
F128 5476 5484 5492 5500 5508 5517 5525 5534 5543 5552 5561 5569 5578 5587 5596
F129 3488 3496 3504 3512 3520 3528 3536 3544 3552 3560 3568 3576 3584 3592 3600
na
same same
rain
night day

31
F128 5605 5613 5622 5631 5640 5649 5657 5666 5675 5684 5692 5700 5709 5717 5725
F129 3608 3616 3624 3632 3640 3648 3656 3664 3672 3680 3688 3696 3704 3712 3720
na
same same
rain
night day

32
F128 5733 5741 5749 5758 5766 5774 5782 5789 5797 5804 5812 5820 5827 5835 5843
F129 3728 3736 3744 3752 3760 3768 3776 3784 3792 3800 3808 3816 3824 3832 3840
na
same same
rain
night day

33
F128 5852 5860 5869 5877 5886 5894 5901 5908 5915 5923 5930 5937 5944 5951 5959
F129 3848 3856 3864 3872 3880 3888 3896 3904 3912 3920 3928 3936 3944 3952 3960
na
same same
rain
night day

34
F128 5968 5976 5985 5993 6001 6010 6018 6027 6035 6043 6052 6060 6069 6077 6086
F129 3968 3976 3984 3992 4000 4008 4016 4024 4032 4040 4048 4056 4064 4072 4080
na
same same
rain
night day

35
F128 6094 6103 6111 6120 6128 6137 6145 6154 6162 6170 6177 6185 6193 6201 6208
F129 4088 4096 4104 4112 4120 4128 4136 4144 4152 4160 4168 4176 4184 4192 4200
na
same same
rain
night day

36
F128 6216 6225 6233 6242 6250 6259 6267 6276 6284 6292 6300 6307 6315 6323 6331
F129 4208 4216 4224 4232 4240 4248 4256 4264 4272 4280 4288 4296 4304 4312 4320
na
same same
rain
night day

37
F128 6339 6347 6354 6362 6370 6377 6385 6393 6400 6408 6416 6424 6431 6439 6448
F129 4328 4336 4344 4352 4360 4368 4376 4384 4392 4400 4408 4416 4424 4432 4440
na
same same
rain
night day

38
F128 6456 6465 6474 6482 6491 6499 6508 6517 6525 6534 6542 6549 6557 6565 6573
F129 4448 4456 4464 4472 4480 4488 4496 4504 4512 4520 4528 4536 4544 4552 4560
na
same same
rain
night day

39
F128 6580 6588 6596 6603 6611 6619 6628 6637 6646 6654 6663 6672 6681 6689 6698
F129 4568 4576 4584 4592 4600 4608 4616 4624 4632 4640 4648 4656 4664 4672 4680
na
same same
rain
night day

40
F128 6706 6715 6723 6731 6740 6748 6756 6765 6773 6781 6790 6799 6807 6816 6824
F129 4688 4696 4704 4712 4720 4728 4736 4744 4752 4760 4768 4776 4784 4792 4800
na
same same
rain
night day

41
F128 6833 6842 6850 6859 6867 6876 6884 6893 6901 6910 6918 6927 6935 6943 6952
F129 4808 4816 4824 4832 4840 4848 4856 4864 4872 4880 4888 4896 4904 4912 4920
na
same same
rain
night day

42
F128 6960 6969 6977 6986 6994 7003 7011 7020 7028 7037 7045 7054 7062 7071 7079
F129 4928 4936 4944 4952 4960 4968 4976 4984 4992 5000 5008 5016 5024 5032 5040
na
same same
rain
night day

43
F128 7087 7096 7104 7113 7121 7129 7138 7146 7154 7163 7171 7179 7188 7196 7205
F129 5048 5056 5064 5072 5080 5088 5096 5104 5112 5120 5128 5136 5144 5152 5160
na
same same
rain
night day

44
F128 7213 7222 7231 7240 7249 7259 7268 7277 7283 7289 7296 7302 7309 7315 7321
F129 5168 5176 5184 5192 5200 5208 5216 5224 5232 5240 5248 5256 5264 5272 5280
na
same same
rain
night day

45
F128 7328 7334 7340 7347 7353 7359 7366 7372 7378 7385 7391 7397 7403 7409 7415
F129 5288 5296 5304 5312 5320 5328 5336 5344 5352 5360 5368 5376 5384 5392 5400
na
same same
rain
night day

46
F128 7421 7427 7433 7439 7445 7450 7455 7459 7464 7469 7473 7478 7483 7487 7492
F129 5408 5416 5424 5432 5440 5448 5456 5464 5472 5480 5488 5496 5504 5512 5520
na
same same
rain
night day

47
F128 7497 7501 7506 7511 7515 7520 7525 7530 7536 7542 7548 7553 7559 7565 7571
F129 5528 5536 5544 5552 5560 5568 5576 5584 5592 5600 5608 5616 5624 5632 5640
na
same same
rain
night day

48
F128 7577 7583 7589 7595 7601 7606 7612 7618 7624 7630 7636 7643 7649 7656 7662
F129 5648 5656 5664 5672 5680 5688 5696 5704 5712 5720 5728 5736 5744 5752 5760
na
same same
rain
night day

49
F128 7668 7675 7681 7688 7694 7700 7707 7714 7721 7729 7736 7744 7751 7759 7766
F129 5768 5776 5784 5792 5800 5808 5816 5824 5832 5840 5848 5856 5864 5872 5880
na
same same
rain
night day

50
F128 7774 7782 7789 7796 7804 7811 7819 7826 7833 7841 7848 7856 7864 7872 7880
F129 5888 5896 5904 5912 5920 5928 5936 5944 5952 5960 5968 5976 5984 5992 6000
na
same same
rain
night day

51
F128 7888 7895 7903 7911 7919 7927 7934 7941 7948 7955 7963 7970 7977 7984 7991
F129 6008 6016 6024 6032 6040 6048 6056 6064 6072 6080 6088 6096 6104 6112 6120
na
same same
rain
night day

52
F128 7998 8005 8012 8019 8026 8033 8041 8048 8055 8062 8070 8077 8084 8091 8098
F129 6128 6136 6144 6152 6160 6168 6176 6184 6192 6200 6208 6216 6224 6232 6240
na
same same
rain
night day

53
F128 8106 8113 8120 8127 8135 8142 8150 8157 8164 8172 8179 8187 8194 8202 8209
F129 6248 6256 6264 6272 6280 6288 6296 6304 6312 6320 6328 6336 6344 6352 6360
na
same same
rain
night day

54
F128 8216 8224 8231 8239 8246 8253 8261 8268 8275 8282 8289 8296 8303 8310 8317
F129 6368 6376 6384 6392 6400 6408 6416 6424 6432 6440 6448 6456 6464 6472 6480
na
same same
rain
night day

55
F128 8324 8331 8338 8345 8352 8359 8366 8374 8381 8388 8395 8403 8410 8417 8425
F129 6488 6496 6504 6512 6520 6528 6536 6544 6552 6560 6568 6576 6584 6592 6600
na
same same
rain
night day

56
F128 8432 8439 8446 8454 8461 8468 8475 8482 8489 8496 8503 8510 8518 8525 8532
F129 6608 6616 6624 6632 6640 6648 6656 6664 6672 6680 6688 6696 6704 6712 6720
na
same same
rain
night day

57
F128 8539 8546 8553 8560 8567 8574 8581 8589 8596 8603 8610 8617 8624 8631 8639
F129 6728 6736 6744 6752 6760 6768 6776 6784 6792 6800 6808 6816 6824 6832 6840
na
same same
rain
night day

58
F128 8646 8654 8662 8670 8677 8685 8693 8701 8708 8716 8724 8732 8739 8747 8754
F129 6848 6856 6864 6872 6880 6888 6896 6904 6912 6920 6928 6936 6944 6952 6960
na
same same
rain
night day

59
F128 8761 8768 8775 8782 8789 8796 8803 8809 8816 8823 8830 8837 8842 8847 8851
F129 6968 6976 6984 6992 7000 7008 7016 7024 7032 7040 7048 7056 7064 7072 7080
na
same same
rain
night day

60
F128 8856 8861 8866 8871 8875 8880 8885 8890 8895 8900 8905 8910 8915 8920 8924
F129 7088 7096 7104 7112 7120 7128 7136 7144 7152 7160 7168 7176 7184 7192 7200
na
same same
rain
night day

61
F128 8928 8932 8936 8940 8944 8948 8952 8956 8960 8963 8965 8967 8969 8972 8975
F129 7208 7216 7224 7232 7240 7248 7256 7264 7272 7280 7288 7296 7304 7312 7320
na
same same
rain
night day

62
F128 8977 8978 8980 8980 8981 8982 8982 8982 8983 8983 8983 8983 8983 8983 8983
F129 7328 7336 7344 7352 7360 7368 7376 7384 7392 7400 7408 7416 7424 7432 7440
na
same same
rain
night day

63
F128 8983 8983 8983 8983 8983 8983 8983 8983 8983 8983 8984 8984 8984 8984 8984
F129 7448 7456 7464 7472 7480 7488 7496 7504 7512 7520 7528 7536 7544 7552 7560
na
same same
rain
night day

64
F128 8984 8984 8984 8984 8984 8984 8984 8984 8984 8984 8984 8984 8984 8984 8984
F129 7568 7576 7584 7592 7600 7608 7616 7624 7632 7640 7648 7656 7664 7672 7680
na
same same
rain
night day

65
F128 8984 8984 8984 8984 8984 8984 8984 8984 8985 8985 8985 8985 8985 8985 8985
F129 7688 7696 7704 7712 7720 7728 7736 7744 7752 7760 7768 7776 7784 7792 7800
na
same same
rain
night day

66
F128 8985 8985 8985 8985 8985 8985 8985 8985 8985 8985 8985 8985 8985 8985 8985
F129 7808 7816 7824 7832 7840 7848 7856 7864 7872 7880 7888 7896 7904 7912 7920
na
same same
rain
night day

67
F128 8985 8985 8985 8985 8985 8985 8986 8986 8986 8986 8986 8986 8986 8986 8986
F129 7928 7936 7944 7952 7960 7968 7976 7984 7992 8000 8008 8016 8024 8032 8040
na
same same
rain
night day

68
F128 8986 8986 8986 8986 8986 8986 8987 8989 8990 8991 8993 8995 8997 8999 9001
F129 8048 8056 8064 8072 8080 8088 8096 8104 8112 8120 8128 8136 8144 8152 8160
na
same same
rain
night day

69
F128 9003 9005 9008 9010 9011 9012 9014 9015 9016 9018 9019 9023 9028 9033 9037
F129 8168 8176 8184 8192 8200 8208 8216 8224 8232 8240 8248 8256 8264 8272 8280
na
same same
rain
night day

70
F128 9044 9052 9060 9071 9082 9094 9107 9119 9139 9837 9990 9999 10007 10016 10027
F129 8288 8296 8304 8312 8320 8328 8336 8344 8352 8360 8368 8376 8384 8392 8400
na
same same
rain
night day

71
F128 10036 10044 10052 10060 10068 10076 10084 10092 10100 10108 10115 10122 10129 10136 10143
F129 8408 8416 8424 8432 8440 8448 8456 8464 8472 8480 8488 8496 8504 8512 8520
na
same same
rain
night day

72
F128 10150 10157 10164 10171 10178 10184 10191 10198 10205 10212 10218 10225 10232 10240 10248
F129 8528 8536 8544 8552 8560 8568 8576 8584 8592 8600 8608 8616 8624 8632 8640
na
same same
rain
night day

73
F128 10255 10263 10271 10276 10281 10286 10291 10297 10302 10308 10311 10314 10318 10321 10324
F129 8648 8656 8664 8672 8680 8688 8696 8704 8712 8720 8728 8736 8744 8752 8760
na
same same
rain
night day

74
F128 10327 10330 10333 10337 10340 10343 10346 10350 10355 10360 10365 10370 10376 10382 10388
F129 8768 8776 8784 8792 8800 8808 8816 8824 8832 8840 8848 8856 8864 8872 8880
na
same same
rain
night day

75
F128 10396 10404 10411 10415 10419 10423 10427 10438 10467 10541 11014 11018 11022 11027 11031
F129 8888 8896 8904 8912 8920 8928 8936 8944 8952 8960 8968 8976 8984 8992 9000
na
same same
rain
night day

76
F128 11036 11041 11045 11050 11055 11061 11069 11077 11084 11092 11099 11106 11112 11118 11124
F129 9008 9016 9024 9032 9040 9048 9056 9064 9072 9080 9088 9096 9104 9112 9120
na
same same
rain
night day

77
F128 11131 11138 11146 11154 11161 11169 11177 11185 11192 11200 11208 11216 11224 11231 11239
F129 9128 9136 9144 9152 9160 9168 9176 9184 9192 9200 9208 9216 9224 9232 9240
na
same same
rain
night day

78
F128 11247 11255 11263 11272 11280 11288 11296 11304 11313 11321 11329 11338 11347 11356 11365
F129 9248 9256 9264 9272 9280 9288 9296 9304 9312 9320 9328 9336 9344 9352 9360
na
same same
rain
night day

79
F128 11374 11383 11392 11401 11410 11419 11429 11438 11447 11456 11466 11475 11484 11494 11503
F129 9368 9376 9384 9392 9400 9408 9416 9424 9432 9440 9448 9456 9464 9472 9480
na
same same
rain
night day

80
F128 11512 11522 11531 11540 11549 11559 11568 11577 11585 11594 11603 11611 11620 11629 11637
F129 9488 9496 9504 9512 9520 9528 9536 9544 9552 9560 9568 9576 9584 9592 9600
na
same same
rain
night day

81
F128 11646 11655 11663 11672 11681 11689 11698 11707 11715 11724 11733 11741 11750 11759 11767
F129 9608 9616 9624 9632 9640 9648 9656 9664 9672 9680 9688 9696 9704 9712 9720
na
same same
rain
night day

82
F128 11776 11785 11793 11802 11810 11818 11827 11835 11844 11852 11860 11869 11877 11884 11892
F129 9728 9736 9744 9752 9760 9768 9776 9784 9792 9800 9808 9816 9824 9832 9840
na
same same
rain
night day

83
F128 11899 11906 11914 11921 11929 11936 11943 11951 11958 11966 11973 11982 11990 11999 12008
F129 9848 9856 9864 9872 9880 9888 9896 9904 9912 9920 9928 9936 9944 9952 9960
na
same same
rain
night day

84
F128 12016 12025 12034 12042 12051 12059 12068 12076 12085 12093 12101 12110 12118 12127 12135
F129 9968 9976 9984 9992 10000 10008 10016 10024 10032 10040 10048 10056 10064 10072 10080
na
same same
rain
night day

85
F128 12144 12152 12160 12169 12177 12184 12191 12199 12206 12214 12221 12228 12236 12243 12251
F129 10088 10096 10104 10112 10120 10128 10136 10144 10152 10160 10168 10176 10184 10192 10200
na
same same
rain
night day

86
F128 12258 12265 12273 12280 12287 12295 12302 12310 12317 12324 12332 12339 12347 12354 12361
F129 10208 10216 10224 10232 10240 10248 10256 10264 10272 10280 10288 10296 10304 10312 10320
na
same same
rain
night day

87
F128 12369 12376 12383 12391 12398 12406 12413 12424 12434 12444 12455 12466 12476 12487 12497
F129 10328 10336 10344 10352 10360 10368 10376 10384 10392 10400 10408 10416 10424 10432 10440
na
same same
rain
night day

88
F128 12508 12518 12526 12534 12543 12551 12559 12567 12575 12583 12592 12600 12608 12616 12624
F129 10448 10456 10464 10472 10480 10488 10496 10504 10512 10520 10528 10536 10544 10552 10560
na
same same
rain
night day

89
F128 12632 12641 12649 12657 12665 12672 12680 12688 12695 12703 12710 12718 12725 12733 12740
F129 10568 10576 10584 10592 10600 10608 10616 10624 10632 10640 10648 10656 10664 10672 10680
na
same same
rain
night day

90
F128 12748 12755 12763 12771 12778 12786 12793 12801 12808 12816 12824 12831 12839 12846 12854
F129 10688 10696 10704 10712 10720 10728 10736 10744 10752 10760 10768 10776 10784 10792 10800
na
same same
rain
night day

91
F128 12862 12869 12877 12885 12892 12900 12909 12917 12925 12934 12942 12951 12959 12967 12976
F129 10808 10816 10824 10832 10840 10848 10856 10864 10872 10880 10888 10896 10904 10912 10920
na
same same
rain
night day

92
F128 12984 12993 13001 13009 13018 13026 13034 13042 13051 13059 13067 13075 13084 13092 13100
F129 10928 10936 10944 10952 10960 10968 10976 10984 10992 11000 11008 11016 11024 11032 11040
na
same same
rain
night day

93
F128 13108 13117 13125 13133 13142 13150 13158 13166 13175 13183 13191 13200 13208 13216 13224
F129 11048 11056 11064 11072 11080 11088 11096 11104 11112 11120 11128 11136 11144 11152 11160
na
same same
rain
night day

94
F128 13233 13241 13249 13258 13266 13274 13283 13292 13301 13310 13318 13327 13336 13345 13354
F129 11168 11176 11184 11192 11200 11208 11216 11224 11232 11240 11248 11256 11264 11272 11280
na
same same
rain
night day

95
F128 13362 13371 13379 13387 13396 13404 13412 13421 13429 13437 13446 13454 13462 13471 13480
F129 11288 11296 11304 11312 11320 11328 11336 11344 11352 11360 11368 11376 11384 11392 11400
na
same same
rain
night day

96
F128 13489 13498 13507 13516 13525 13534 13542 13551 13560 13568 13577 13586 13594 13603 13612
F129 11408 11416 11424 11432 11440 11448 11456 11464 11472 11480 11488 11496 11504 11512 11520
na
same same
rain
night day

97
F128 13620 13629 13637 13646 13655 13664 13673 13682 13692 13701 13710 13720 13729 13738 13748
F129 11528 11536 11544 11552 11560 11568 11576 11584 11592 11600 11608 11616 11624 11632 11640
na
same same
rain
night day

98
F128 13757 13766 13776 13784 13793 13802 13810 13819 13827 13836 13845 13853 13862 13871 13880
F129 11648 11656 11664 11672 11680 11688 11696 11704 11712 11720 11728 11736 11744 11752 11760
na
same same
rain
night day

99
F128 13890 13899 13908 13917 13927 13936 13945 13955 13964 13973 13983 13992 14001 14010 14020
F129 11768 11776 11784 11792 11800 11808 11816 11824 11832 11840 11848 11856 11864 11872 11880
na
same same
rain
night day

100
F128 14029 14038 14048 14057 14066 14076 14085 14094 14104 14113 14122 14132 14141 14150 14160
F129 11888 11896 11904 11912 11920 11928 11936 11944 11952 11960 11968 11976 11984 11992 12000
na
same same
rain
night day

101
F128 14169 14178 14188 14197 14207 14216 14225 14235 14244 14253 14263 14271 14279 14287 14296
F129 12008 12016 12024 12032 12040 12048 12056 12064 12072 12080 12088 12096 12104 12112 12120
na
same same
rain
night day

102
F128 14304 14312 14320 14329 14340 14350 14361 14371 14380 14389 14398 14407 14416 14425 14433
F129 12128 12136 12144 12152 12160 12168 12176 12184 12192 12200 12208 12216 12224 12232 12240
na
same same
rain
night day

103
F128 14441 14449 14458 14466 14474 14483 14492 14500 14509 14518 14527 14536 14545 14554 14564
F129 12248 12256 12264 12272 12280 12288 12296 12304 12312 12320 12328 12336 12344 12352 12360
na
same same
rain
night day

104
F128 14576 14587 14598 14610 14624 14641 14660 14684 14727 14837 14866 14886 14904 14920 14931
F129 12368 12376 12384 12392 12400 12408 12416 12424 12432 12440 12448 12456 12464 12472 12480
na
same same
rain
night day

105
F128 14942 14953 14964 14974 14984 14994 15005 15015 15025 15035 15045 15055 15065 15075 15085
F129 12488 12496 12504 12512 12520 12528 12536 12544 12552 12560 12568 12576 12584 12592 12600
na
same same
rain
night day

106
F128 15094 15104 15113 15122 15131 15140 15149 15158 15167 15175 15182 15190 15197 15205 15212
F129 12608 12616 12624 12632 12640 12648 12656 12664 12672 12680 12688 12696 12704 12712 12720
na
same same
rain
night day

107
F128 15220 15227 15236 15244 15253 15262 15271 15280 15289 15298 15307 15316 15324 15333 15340
F129 12728 12736 12744 12752 12760 12768 12776 12784 12792 12800 12808 12816 12824 12832 12840
na
same same
rain
night day

108
F128 15348 15355 15363 15370 15377 15385 15392 15400 15407 15416 15424 15433 15442 15451 15460
F129 12848 12856 12864 12872 12880 12888 12896 12904 12912 12920 12928 12936 12944 12952 12960
na
same same
rain
night day

109
F128 15468 15477 15486 15495 15504 15512 15521 15530 15537 15545 15552 15559 15567 15574 15581
F129 12968 12976 12984 12992 13000 13008 13016 13024 13032 13040 13048 13056 13064 13072 13080
na
same same
rain
night day

110
F128 15589 15596 15603 15611 15618 15625 15632 15640 15647 15654 15662 15669 15677 15685 15693
F129 13088 13096 13104 13112 13120 13128 13136 13144 13152 13160 13168 13176 13184 13192 13200
na
same same
rain
night day

111
F128 15701 15709 15718 15726 15734 15742 15750 15757 15763 15770 15776 15783 15789 15794 15798
F129 13208 13216 13224 13232 13240 13248 13256 13264 13272 13280 13288 13296 13304 13312 13320
na
same same
rain
night day

112
F128 15802 15806 15810 15814 15819 15821 15822 15823 15824 15826 15827 15827 15828 15828 15829
F129 13328 13336 13344 13352 13360 13368 13376 13384 13392 13400 13408 13416 13424 13432 13440
na
same same
rain
night day

113
F128 15830 15830 15831 15831 15831 15832 15832 15832 15832 15832 15833 15833 15833 15833 15833
F129 13448 13456 13464 13472 13480 13488 13496 13504 13512 13520 13528 13536 13544 13552 13560
na
same same
rain
night day

114
F128 15834 15834 15834 15834 15834 15835 15835 15835 15835 15835 15836 15836 15836 15836 15836
F129 13568 13576 13584 13592 13600 13608 13616 13624 13632 13640 13648 13656 13664 13672 13680
na
same same
rain
night day

115
F128 15837 15837 15837 15837 15837 15838 15838 15839 15845 15850 15855 15860 15866 15872 15878
F129 13688 13696 13704 13712 13720 13728 13736 13744 13752 13760 13768 13776 13784 13792 13800
na
same same
rain
night day

116
F128 15884 15890 15896 15902 15910 15918 15926 15934 15942 15950 15958 15966 15974 15982 15990
F129 13808 13816 13824 13832 13840 13848 13856 13864 13872 13880 13888 13896 13904 13912 13920
na
same same
rain
night day

117
F128 15998 16006 16015 16025 16034 16043 16052 16061 16070 16079 16089 16098 16107 16116 16127
F129 13928 13936 13944 13952 13960 13968 13976 13984 13992 14000 14008 14016 14024 14032 14040
na
same same
rain
night day

118
F128 16138 16149 16160 16172 16183 16194 16205 16216 16230 16250 16282 16317 16357 16395 16437
F129 14048 14056 14064 14072 14080 14088 14096 14104 14112 14120 14128 14136 14144 14152 14160
na
same same
rain
night day

119
F128 16453 16466 16478 16491 16503 16515 16525 16534 16543 16552 16561 16570 16579 16589 16598
F129 14168 14176 14184 14192 14200 14208 14216 14224 14232 14240 14248 14256 14264 14272 14280
na
same same
rain
night day

120
F128 16607 16616 16625 16634 16643 16652 16661 16669 16677 16685 16693 16701 16709 16717 16725
F129 14288 14296 14304 14312 14320 14328 14336 14344 14352 14360 14368 14376 14384 14392 14400
na
same same
rain
night day

121
F128 16733 16741 16749 16757 16765 16773 16781 16789 16797 16805 16813 16821 16829 16837 16847
F129 14408 14416 14424 14432 14440 14448 14456 14464 14472 14480 14488 14496 14504 14512 14520
na
same same
rain
night day

