1
F128 9 18 28 37 46 55 64 72 80 88 96 104 112 120 128
F129 8 16 24 32 40 48 56 64 72 80 88 96 104 112 120
na
same same
rain
night day

2
F128 136 144 152 160 167 175 183 191 199 207 215 223 231 239 248
F129 128 136 144 152 160 168 176 184 192 200 208 216 224 232 240
na
same same
rain
night day

3
F128 256 264 272 280 288 296 303 311 319 327 334 342 350 358 365
F129 248 256 264 272 280 288 296 304 312 320 328 336 344 352 360
na
same same
rain
night day

4
F128 373 381 388 395 403 410 418 425 432 440 447 454 462 470 478
F129 368 376 384 392 400 408 416 424 432 440 448 456 464 472 480
na
same same
rain
night day

5
F128 485 493 501 509 517 524 532 540 547 555 562 570 577 585 592
F129 488 496 504 512 520 528 536 544 552 560 568 576 584 592 600
na
same same
rain
night day

6
F128 599 607 614 622 629 637 645 653 661 669 677 685 693 702 710
F129 608 616 624 632 640 648 656 664 672 680 688 696 704 712 720
na
same same
rain
night day

7
F128 718 727 735 744 752 760 769 777 785 793 801 809 818 826 834
F129 728 736 744 752 760 768 776 784 792 800 808 816 824 832 840
na
same same
rain
night day

8
F128 842 850 858 866 874 882 890 898 906 914 922 930 938 946 954
F129 848 856 864 872 880 888 896 904 912 920 928 936 944 952 960
na
same same
rain
night day

9
F128 963 971 979 987 995 1003 1011 1019 1027 1036 1044 1052 1060 1068 1077
F129 968 976 984 992 1000 1008 1016 1024 1032 1040 1048 1056 1064 1072 1080
na
same same
rain
night day

10
F128 1085 1093 1101 1109 1118 1126 1134 1142 1150 1157 1165 1173 1181 1189 1197
F129 1088 1096 1104 1112 1120 1128 1136 1144 1152 1160 1168 1176 1184 1192 1200
na
same same
rain
night day

11
F128 1204 1212 1220 1228 1237 1246 1256 1265 1274 1284 1293 1302 1312 1321 1330
F129 1208 1216 1224 1232 1240 1248 1256 1264 1272 1280 1288 1296 1304 1312 1320
na
same same
rain
night day

12
F128 1340 1349 1357 1366 1374 1383 1391 1400 1408 1417 1425 1434 1442 1451 1459
F129 1328 1336 1344 1352 1360 1368 1376 1384 1392 1400 1408 1416 1424 1432 1440
na
same same
rain
night day

13
F128 1468 1476 1485 1493 1502 1511 1519 1528 1536 1545 1553 1562 1571 1580 1589
F129 1448 1456 1464 1472 1480 1488 1496 1504 1512 1520 1528 1536 1544 1552 1560
na
same same
rain
night day

14
F128 1598 1607 1616 1624 1633 1642 1651 1659 1668 1677 1685 1694 1703 1712 1720
F129 1568 1576 1584 1592 1600 1608 1616 1624 1632 1640 1648 1656 1664 1672 1680
na
same same
rain
night day

15
F128 1729 1738 1746 1755 1764 1773 1781 1790 1799 1808 1816 1825 1834 1843 1852
F129 1688 1696 1704 1712 1720 1728 1736 1744 1752 1760 1768 1776 1784 1792 1800
na
same same
rain
night day

16
F128 1861 1870 1879 1888 1897 1906 1916 1925 1934 1942 1951 1959 1968 1976 1984
F129 1808 1816 1824 1832 1840 1848 1856 1864 1872 1880 1888 1896 1904 1912 1920
na
same same
rain
night day

17
F128 1993 2001 2010 2018 2027 2035 2044 2052 2061 2069 2078 2086 2095 2103 2111
F129 1928 1936 1944 1952 1960 1968 1976 1984 1992 2000 2008 2016 2024 2032 2040
na
same same
rain
night day

18
F128 2120 2128 2137 2145 2154 2162 2170 2179 2187 2196 2204 2212 2220 2229 2237
F129 2048 2056 2064 2072 2080 2088 2096 2104 2112 2120 2128 2136 2144 2152 2160
na
same same
rain
night day

19
F128 2245 2254 2262 2270 2278 2287 2295 2303 2311 2319 2328 2336 2344 2352 2361
F129 2168 2176 2184 2192 2200 2208 2216 2224 2232 2240 2248 2256 2264 2272 2280
na
same same
rain
night day

20
F128 2369 2377 2386 2394 2402 2411 2419 2427 2436 2444 2454 2463 2472 2481 2490
F129 2288 2296 2304 2312 2320 2328 2336 2344 2352 2360 2368 2376 2384 2392 2400
na
same same
rain
night day

21
F128 2500 2510 2522 2534 2547 2562 2577 2595 2623 3945 3956 3967 3979 3990 4000
F129 2408 2416 2424 2432 2440 2448 2456 2464 2472 2480 2488 2496 2504 2512 2520
na
same same
rain
night day

22
F128 4009 4019 4029 4039 4049 4058 4066 4075 4084 4092 4101 4109 4117 4126 4134
F129 2528 2536 2544 2552 2560 2568 2576 2584 2592 2600 2608 2616 2624 2632 2640
na
same same
rain
night day

23
F128 4143 4151 4161 4170 4179 4189 4198 4207 4216 4226 4235 4244 4252 4261 4270
F129 2648 2656 2664 2672 2680 2688 2696 2704 2712 2720 2728 2736 2744 2752 2760
na
same same
rain
night day

24
F128 4279 4287 4296 4304 4312 4320 4328 4335 4343 4351 4359 4367 4375 4384 4392
F129 2768 2776 2784 2792 2800 2808 2816 2824 2832 2840 2848 2856 2864 2872 2880
na
same same
rain
night day

25
F128 4401 4410 4418 4427 4436 4444 4453 4462 4472 4482 4491 4501 4511 4520 4531
F129 2888 2896 2904 2912 2920 2928 2936 2944 2952 2960 2968 2976 2984 2992 3000
na
same same
rain
night day

26
F128 4541 4552 4563 4572 4582 4598 4633 4678 4963 4988 5011 5032 5046 5059 5071
F129 3008 3016 3024 3032 3040 3048 3056 3064 3072 3080 3088 3096 3104 3112 3120
na
same same
rain
night day

27
F128 5083 5095 5105 5116 5126 5137 5147 5158 5168 5176 5184 5192 5200 5208 5217
F129 3128 3136 3144 3152 3160 3168 3176 3184 3192 3200 3208 3216 3224 3232 3240
na
same same
rain
night day

28
F128 5225 5234 5242 5251 5259 5268 5276 5284 5293 5301 5309 5318 5326 5334 5343
F129 3248 3256 3264 3272 3280 3288 3296 3304 3312 3320 3328 3336 3344 3352 3360
na
same same
rain
night day

29
F128 5351 5359 5368 5376 5385 5393 5401 5410 5418 5427 5435 5444 5452 5460 5468
F129 3368 3376 3384 3392 3400 3408 3416 3424 3432 3440 3448 3456 3464 3472 3480
na
same same
rain
night day

30
F128 5476 5484 5492 5500 5508 5517 5525 5534 5543 5552 5561 5569 5578 5587 5596
F129 3488 3496 3504 3512 3520 3528 3536 3544 3552 3560 3568 3576 3584 3592 3600
na
same same
rain
night day

31
F128 5605 5613 5622 5631 5640 5649 5657 5666 5675 5684 5692 5700 5709 5717 5725
F129 3608 3616 3624 3632 3640 3648 3656 3664 3672 3680 3688 3696 3704 3712 3720
na
same same
rain
night day

32
F128 5733 5741 5749 5758 5766 5774 5782 5789 5797 5804 5812 5820 5827 5835 5843
F129 3728 3736 3744 3752 3760 3768 3776 3784 3792 3800 3808 3816 3824 3832 3840
na
same same
rain
night day

33
F128 5852 5860 5869 5877 5886 5894 5901 5908 5915 5923 5930 5937 5944 5951 5959
F129 3848 3856 3864 3872 3880 3888 3896 3904 3912 3920 3928 3936 3944 3952 3960
na
same same
rain
night day

34
F128 5968 5976 5985 5993 6001 6010 6018 6027 6035 6043 6052 6060 6069 6077 6086
F129 3968 3976 3984 3992 4000 4008 4016 4024 4032 4040 4048 4056 4064 4072 4080
na
same same
rain
night day

35
F128 6094 6103 6111 6120 6128 6137 6145 6154 6162 6170 6177 6185 6193 6201 6208
F129 4088 4096 4104 4112 4120 4128 4136 4144 4152 4160 4168 4176 4184 4192 4200
na
same same
rain
night day

36
F128 6216 6225 6233 6242 6250 6259 6267 6276 6284 6292 6300 6307 6315 6323 6331
F129 4208 4216 4224 4232 4240 4248 4256 4264 4272 4280 4288 4296 4304 4312 4320
na
same same
rain
night day

37
F128 6339 6347 6354 6362 6370 6377 6385 6393 6400 6408 6416 6424 6431 6439 6448
F129 4328 4336 4344 4352 4360 4368 4376 4384 4392 4400 4408 4416 4424 4432 4440
na
same same
rain
night day

38
F128 6456 6465 6474 6482 6491 6499 6508 6517 6525 6534 6542 6549 6557 6565 6573
F129 4448 4456 4464 4472 4480 4488 4496 4504 4512 4520 4528 4536 4544 4552 4560
na
same same
rain
night day

39
F128 6580 6588 6596 6603 6611 6619 6628 6637 6646 6654 6663 6672 6681 6689 6698
F129 4568 4576 4584 4592 4600 4608 4616 4624 4632 4640 4648 4656 4664 4672 4680
na
same same
rain
night day

40
F128 6706 6715 6723 6731 6740 6748 6756 6765 6773 6781 6790 6799 6807 6816 6824
F129 4688 4696 4704 4712 4720 4728 4736 4744 4752 4760 4768 4776 4784 4792 4800
na
same same
rain
night day

41
F128 6833 6842 6850 6859 6867 6876 6884 6893 6901 6910 6918 6927 6935 6943 6952
F129 4808 4816 4824 4832 4840 4848 4856 4864 4872 4880 4888 4896 4904 4912 4920
na
same same
rain
night day

42
F128 6960 6969 6977 6986 6994 7003 7011 7020 7028 7037 7045 7054 7062 7071 7079
F129 4928 4936 4944 4952 4960 4968 4976 4984 4992 5000 5008 5016 5024 5032 5040
na
same same
rain
night day

43
F128 7087 7096 7104 7113 7121 7129 7138 7146 7154 7163 7171 7179 7188 7196 7205
F129 5048 5056 5064 5072 5080 5088 5096 5104 5112 5120 5128 5136 5144 5152 5160
na
same same
rain
night day

44
F128 7213 7222 7231 7240 7249 7259 7268 7277 7283 7289 7296 7302 7309 7315 7321
F129 5168 5176 5184 5192 5200 5208 5216 5224 5232 5240 5248 5256 5264 5272 5280
na
same same
rain
night day

45
F128 7328 7334 7340 7347 7353 7359 7366 7372 7378 7385 7391 7397 7403 7409 7415
F129 5288 5296 5304 5312 5320 5328 5336 5344 5352 5360 5368 5376 5384 5392 5400
na
same same
rain
night day

46
F128 7421 7427 7433 7439 7445 7450 7455 7459 7464 7469 7473 7478 7483 7487 7492
F129 5408 5416 5424 5432 5440 5448 5456 5464 5472 5480 5488 5496 5504 5512 5520
na
same same
rain
night day

47
F128 7497 7501 7506 7511 7515 7520 7525 7530 7536 7542 7548 7553 7559 7565 7571
F129 5528 5536 5544 5552 5560 5568 5576 5584 5592 5600 5608 5616 5624 5632 5640
na
same same
rain
night day

48
F128 7577 7583 7589 7595 7601 7606 7612 7618 7624 7630 7636 7643 7649 7656 7662
F129 5648 5656 5664 5672 5680 5688 5696 5704 5712 5720 5728 5736 5744 5752 5760
na
same same
rain
night day

49
F128 7668 7675 7681 7688 7694 7700 7707 7714 7721 7729 7736 7744 7751 7759 7766
F129 5768 5776 5784 5792 5800 5808 5816 5824 5832 5840 5848 5856 5864 5872 5880
na
same same
rain
night day

50
F128 7774 7782 7789 7796 7804 7811 7819 7826 7833 7841 7848 7856 7864 7872 7880
F129 5888 5896 5904 5912 5920 5928 5936 5944 5952 5960 5968 5976 5984 5992 6000
na
same same
rain
night day

51
F128 7888 7895 7903 7911 7919 7927 7934 7941 7948 7955 7963 7970 7977 7984 7991
F129 6008 6016 6024 6032 6040 6048 6056 6064 6072 6080 6088 6096 6104 6112 6120
na
same same
rain
night day

52
F128 7998 8005 8012 8019 8026 8033 8041 8048 8055 8062 8070 8077 8084 8091 8098
F129 6128 6136 6144 6152 6160 6168 6176 6184 6192 6200 6208 6216 6224 6232 6240
na
same same
rain
night day

53
F128 8106 8113 8120 8127 8135 8142 8150 8157 8164 8172 8179 8187 8194 8202 8209
F129 6248 6256 6264 6272 6280 6288 6296 6304 6312 6320 6328 6336 6344 6352 6360
na
same same
rain
night day

54
F128 8216 8224 8231 8239 8246 8253 8261 8268 8275 8282 8289 8296 8303 8310 8317
F129 6368 6376 6384 6392 6400 6408 6416 6424 6432 6440 6448 6456 6464 6472 6480
na
same same
rain
night day

55
F128 8324 8331 8338 8345 8352 8359 8366 8374 8381 8388 8395 8403 8410 8417 8425
F129 6488 6496 6504 6512 6520 6528 6536 6544 6552 6560 6568 6576 6584 6592 6600
na
same same
rain
night day

56
F128 8432 8439 8446 8454 8461 8468 8475 8482 8489 8496 8503 8510 8518 8525 8532
F129 6608 6616 6624 6632 6640 6648 6656 6664 6672 6680 6688 6696 6704 6712 6720
na
same same
rain
night day

57
F128 8539 8546 8553 8560 8567 8574 8581 8589 8596 8603 8610 8617 8624 8631 8639
F129 6728 6736 6744 6752 6760 6768 6776 6784 6792 6800 6808 6816 6824 6832 6840
na
same same
rain
night day

58
F128 8646 8654 8662 8670 8677 8685 8693 8701 8708 8716 8724 8732 8739 8747 8754
F129 6848 6856 6864 6872 6880 6888 6896 6904 6912 6920 6928 6936 6944 6952 6960
na
same same
rain
night day

59
F128 8761 8768 8775 8782 8789 8796 8803 8809 8816 8823 8830 8837 8842 8847 8851
F129 6968 6976 6984 6992 7000 7008 7016 7024 7032 7040 7048 7056 7064 7072 7080
na
same same
rain
night day

60
F128 8856 8861 8866 8871 8875 8880 8885 8890 8895 8900 8905 8910 8915 8920 8924
F129 7088 7096 7104 7112 7120 7128 7136 7144 7152 7160 7168 7176 7184 7192 7200
na
same same
rain
night day

