13
F3 68 69 70 71 72 73 74 75 76 77 78 79 80 81 82 83
F3 82 83 84 85 86 87 88 89 92 95 97 98 99 100 101 102 103 104
na
na
norain
day day

24
F3 82 83 84 85 86 87 88 89 92 95 97 98 99 100 101 102 103 104
F3 104 105 106 107 108 109 110 111 112 113 114 115 116 117
na
na
norain
day day

51
F3 159 160 161 162 163 164 165 166 168 172 175 177 178 179 180 181 182
F3 181 182 183 184 185 186 187 188 189 190 191
na
na
norain
day day

64
F3 201 202 203 204 206 208 209 210 212 213 214 217 220 223 226 229 230
F3 230 231 232 235 236 237 238 239 243 246 249 251 253 255 257 259 261 263
na
na
norain
day day

1
F13 11 12 13 14 15 16 17 18 19 20 21 22 23
F13 21 22 23 24 25 26 27 28 29 30 31 32 33 34 35 36 37 38 39
na
na
norain
day day

197
F13 228 230 232 234 236 238 240 242 244 246 247 248 249
F13 245 246 247 248 249 250 251 252 253 254 255 256 257 258 259 260 261 262 263 264
na
na
norain
day day

221
F13 245 246 247 248 249 250 251 252 253 254 255 256 257 258 259 260 261 262 263 264
F13 261 262 263 265 267 269 271 273 275 277 279 280 283 289 292
na
na
norain
day day

431
F13 744 746 748 750 754 755 756 757 758 771 773 774 775 776 777 778 779 780 781 782
F13 781 782 783 784 785 786 787 788 789 790 791 792 794 796 798 799 800 801 802 803
na
na
norain
day day

1
F4 75 76 77 78 79 80 81 82 83 84 85 86
F4 86 87 88 89 90 91 92 93 94 95 96 97 100 101 102 103 104 105 106 107
na
na
norain
day day

21
F4 86 87 88 89 90 91 92 93 94 95 96 97 100 101 102 103 104 105 106 107
F4 101 102 103 104 105 106 107 108 109 110 111 112 113 114 115 116 117 118 119 120
na
na
norain
day day

40
F4 101 102 103 104 105 106 107 108 109 110 111 112 113 114 115 116 117 118 119 120
F4 117 118 119 120 121 122 123 124 125 126 127
na
na
norain
day day

58
F4 117 118 119 120 121 122 123 124 125 126 127
F4 126 127 128 129 130 131 132 133 134 135 136 137 138 139 140 141 142 143 144 145
na
na
norain
day day

91
F4 146 147 148 149 150 151 152 153 154 155 156 157 158 159 160
F4 158 159 160 161 162 163 164 165 166 167 168 169 170 171 172 173
na
na
norain
day day

106
F4 158 159 160 161 162 163 164 165 166 167 168 169 170 171 172 173
F4 173 174 175 176 177 178 179 180 181 182 183 184 185 186 187 188 189 190 191 192
na
na
norain
day day

120
F4 173 174 175 176 177 178 179 180 181 182 183 184 185 186 187 188 189 190 191 192
F4 192 193 194 195 196 197 198 199 200 201 202 203 204 205 206 207 208 209 210 211
na
na
norain
day day

133
F4 192 193 194 195 196 197 198 199 200 201 202 203 204 205 206 207 208 209 210 211
F4 211 212 213 214 215 216 217 218 219 220 221 222 223 224 225 226 227 228 229 230
na
na
norain
day day

145
F4 211 212 213 214 215 216 217 218 219 220 221 222 223 224 225 226 227 228 229 230
F4 229 230 231 232 233 234 235 236 237 238 239 240 241 242 243 244 245 246 247 248
na
na
norain
day day

156
F4 229 230 231 232 233 234 235 236 237 238 239 240 241 242 243 244 245 246 247 248
F4 245 246 247 248 249 250 251 252 253 254 255 256 257 258 259 260 261
na
na
norain
day day

183
F4 858 859 860 861 862 863 864 865 866 867 868 872 874 875 876 877 878 879 880 881
F4 875 877 878 880 882 885 888 890 892 893 894 895 896 897 899 906 908 910 911 913
na
na
norain
day day

205
F4 973 974 975 976 977 978 979 980 981 982 983 984 985 986 987 988 989 990 991 992 993
F4 992 993 994 995 996 997 998 999 1000 1001 1002 1003 1004
na
na
norain
day day

1
F14 1 9 10 11 12 13 14 15 16 17 18 19 20 21 22
F14 20 21 22 23 24 25 26 27 28 29 30 31 32 33 34 35
na
na
norain
day day

59
F14 20 21 22 23 24 25 26 27 28 29 30 31 32 33 34 35
F14 30 31 32 33 34 35 36 37 38 39 40 41 42 43 44 45 46 47
na
na
norain
day day

334
F14 120 121 122 123 124 125 126 127 128 129 131 132 133 134 135 136 137 138 139 140
F14 139 140 141 142 143 144 145 146 147 148 149 150 151 152 153 154 155 156 157 158 159
na
na
norain
day day

1502
F14 773 774 775 776 777 778 779 780 781 782 783 784 785 786 787 788 789 790 791 792
F14 787 789 790 792 794 796 798 799 800 801 802 804 805 806 808 810 812 818 819 820
na
na
norain
day day

1541
F14 822 823 824 825 826 827 829 830 831 832 833 834 836 839 840 841 842 843 844 845
F14 845 846 847 848 849 850 851 852 853 854 855 856 857 858 859 860 861
na
na
norain
day day

1697
F14 1130 1131 1132 1133 1134 1135 1136 1137 1138 1139 1140 1141 1142 1143 1144 1145 1146 1147 1148 1149
F14 1144 1145 1146 1147 1148 1149 1150 1151 1152 1153 1154 1155 1156 1157 1158 1159 1160 1161 1162
na
na
norain
day day

