1
F34 2 4 5 6 7 8 9 10 11 13 15 19 20 21 22 23 24 25 26 27 28 29
F102 19 22 24 25 27 28 30 31 32 33 34 35 36 37 38 39 40 41 42 43 44 45 46
inter4 inter4
na
rain
day day

2
F34 2 4 5 6 7 8 9 10 11 13 15 19 20 21 22 23 24 25 26 27 28 29
F103 16 19 20 21 22 24 26 27 28 29 30 31 32 33 34 35 36 37 38 39 40
inter4 inter4
na
norain
day evening

3
F34 2 4 5 6 7 8 9 10 11 13 15 19 20 21 22 23 24 25 26 27 28 29
F104 10 15 19 21 22 23 24 25 26 28 30 31 33 35 38 40 41 43 45 46
inter4 inter4
na
norain
day morning

4
F34 2 4 5 6 7 8 9 10 11 13 15 19 20 21 22 23 24 25 26 27 28 29
F105 8 10 11 12 13 14 15 16 17 18 19 20 21 22 23 24 25 26 27 28 29 30 31 32 33
inter4 inter4
na
norain
day morning

6
F34 2 4 5 6 7 8 9 10 11 13 15 19 20 21 22 23 24 25 26 27 28 29
F107 8 12 15 17 19 20 21 22 23 24 25 26 27 28 29 31 32 34 35 36 37 38 39 40
inter4 inter4
na
rain
day morning

7
F34 2 4 5 6 7 8 9 10 11 13 15 19 20 21 22 23 24 25 26 27 28 29
F108 8 10 12 13 14 15 16 17 18 19 20 21 22 23 24 25 26 27 28 29 30 31 32
inter4 inter4
na
norain
day day

10
F34 2 4 5 6 7 8 9 10 11 13 15 19 20 21 22 23 24 25 26 27 28 29
F111 8 10 12 14 15 16 17 18 19 20 21 22 23 24 25 26 27 28 29 30
inter4 inter4
na
norain
day morning

11
F35 4 5 6 7 8 9 10 11 12 13 14 15 16 17 18 19 20 21 22 23 24
F102 19 22 24 25 27 28 30 31 32 33 34 35 36 37 38 39 40 41 42 43 44 45 46
inter4 inter4
na
rain
evening day

12
F35 4 5 6 7 8 9 10 11 12 13 14 15 16 17 18 19 20 21 22 23 24
F103 16 19 20 21 22 24 26 27 28 29 30 31 32 33 34 35 36 37 38 39 40
inter4 inter4
na
norain
evening evening

13
F35 4 5 6 7 8 9 10 11 12 13 14 15 16 17 18 19 20 21 22 23 24
F104 10 15 19 21 22 23 24 25 26 28 30 31 33 35 38 40 41 43 45 46
inter4 inter4
na
norain
evening morning

14
F35 4 5 6 7 8 9 10 11 12 13 14 15 16 17 18 19 20 21 22 23 24
F105 8 10 11 12 13 14 15 16 17 18 19 20 21 22 23 24 25 26 27 28 29 30 31 32 33
inter4 inter4
na
norain
evening morning

16
F35 4 5 6 7 8 9 10 11 12 13 14 15 16 17 18 19 20 21 22 23 24
F107 8 12 15 17 19 20 21 22 23 24 25 26 27 28 29 31 32 34 35 36 37 38 39 40
inter4 inter4
na
rain
evening morning

17
F35 4 5 6 7 8 9 10 11 12 13 14 15 16 17 18 19 20 21 22 23 24
F108 8 10 12 13 14 15 16 17 18 19 20 21 22 23 24 25 26 27 28 29 30 31 32
inter4 inter4
na
norain
evening day

20
F35 4 5 6 7 8 9 10 11 12 13 14 15 16 17 18 19 20 21 22 23 24
F111 8 10 12 14 15 16 17 18 19 20 21 22 23 24 25 26 27 28 29 30
inter4 inter4
na
norain
evening morning

21
F36 3 4 5 6 7 8 9 10 11 12 13 14 15 16 17 18 19 20 21 22
F102 19 22 24 25 27 28 30 31 32 33 34 35 36 37 38 39 40 41 42 43 44 45 46
inter4 inter4
na
rain
day day

22
F36 3 4 5 6 7 8 9 10 11 12 13 14 15 16 17 18 19 20 21 22
F103 16 19 20 21 22 24 26 27 28 29 30 31 32 33 34 35 36 37 38 39 40
inter4 inter4
na
norain
day evening

23
F36 3 4 5 6 7 8 9 10 11 12 13 14 15 16 17 18 19 20 21 22
F104 10 15 19 21 22 23 24 25 26 28 30 31 33 35 38 40 41 43 45 46
inter4 inter4
na
norain
day morning

24
F36 3 4 5 6 7 8 9 10 11 12 13 14 15 16 17 18 19 20 21 22
F105 8 10 11 12 13 14 15 16 17 18 19 20 21 22 23 24 25 26 27 28 29 30 31 32 33
inter4 inter4
na
norain
day morning

26
F36 3 4 5 6 7 8 9 10 11 12 13 14 15 16 17 18 19 20 21 22
F107 8 12 15 17 19 20 21 22 23 24 25 26 27 28 29 31 32 34 35 36 37 38 39 40
inter4 inter4
na
rain
day morning

27
F36 3 4 5 6 7 8 9 10 11 12 13 14 15 16 17 18 19 20 21 22
F108 8 10 12 13 14 15 16 17 18 19 20 21 22 23 24 25 26 27 28 29 30 31 32
inter4 inter4
na
norain
day day

30
F36 3 4 5 6 7 8 9 10 11 12 13 14 15 16 17 18 19 20 21 22
F111 8 10 12 14 15 16 17 18 19 20 21 22 23 24 25 26 27 28 29 30
inter4 inter4
na
norain
day morning

31
F37 6 7 8 9 10 11 12 13 14 15 16 17 18 19 20 21 22 23 24
F102 19 22 24 25 27 28 30 31 32 33 34 35 36 37 38 39 40 41 42 43 44 45 46
inter4 inter4
na
rain
day day

32
F37 6 7 8 9 10 11 12 13 14 15 16 17 18 19 20 21 22 23 24
F103 16 19 20 21 22 24 26 27 28 29 30 31 32 33 34 35 36 37 38 39 40
inter4 inter4
na
norain
day evening

33
F37 6 7 8 9 10 11 12 13 14 15 16 17 18 19 20 21 22 23 24
F104 10 15 19 21 22 23 24 25 26 28 30 31 33 35 38 40 41 43 45 46
inter4 inter4
na
norain
day morning

34
F37 6 7 8 9 10 11 12 13 14 15 16 17 18 19 20 21 22 23 24
F105 8 10 11 12 13 14 15 16 17 18 19 20 21 22 23 24 25 26 27 28 29 30 31 32 33
inter4 inter4
na
norain
day morning

36
F37 6 7 8 9 10 11 12 13 14 15 16 17 18 19 20 21 22 23 24
F107 8 12 15 17 19 20 21 22 23 24 25 26 27 28 29 31 32 34 35 36 37 38 39 40
inter4 inter4
na
rain
day morning

37
F37 6 7 8 9 10 11 12 13 14 15 16 17 18 19 20 21 22 23 24
F108 8 10 12 13 14 15 16 17 18 19 20 21 22 23 24 25 26 27 28 29 30 31 32
inter4 inter4
na
norain
day day

40
F37 6 7 8 9 10 11 12 13 14 15 16 17 18 19 20 21 22 23 24
F111 8 10 12 14 15 16 17 18 19 20 21 22 23 24 25 26 27 28 29 30
inter4 inter4
na
norain
day morning

41
F38 13 14 15 16 17 18 19 20 21 22 23 24 25 26 27 28 29 30 31 32 33
F102 19 22 24 25 27 28 30 31 32 33 34 35 36 37 38 39 40 41 42 43 44 45 46
inter4 inter4
na
rain
day day

42
F38 13 14 15 16 17 18 19 20 21 22 23 24 25 26 27 28 29 30 31 32 33
F103 16 19 20 21 22 24 26 27 28 29 30 31 32 33 34 35 36 37 38 39 40
inter4 inter4
na
norain
day evening

43
F38 13 14 15 16 17 18 19 20 21 22 23 24 25 26 27 28 29 30 31 32 33
F104 10 15 19 21 22 23 24 25 26 28 30 31 33 35 38 40 41 43 45 46
inter4 inter4
na
norain
day morning

44
F38 13 14 15 16 17 18 19 20 21 22 23 24 25 26 27 28 29 30 31 32 33
F105 8 10 11 12 13 14 15 16 17 18 19 20 21 22 23 24 25 26 27 28 29 30 31 32 33
inter4 inter4
na
norain
day morning

46
F38 13 14 15 16 17 18 19 20 21 22 23 24 25 26 27 28 29 30 31 32 33
F107 8 12 15 17 19 20 21 22 23 24 25 26 27 28 29 31 32 34 35 36 37 38 39 40
inter4 inter4
na
rain
day morning

47
F38 13 14 15 16 17 18 19 20 21 22 23 24 25 26 27 28 29 30 31 32 33
F108 8 10 12 13 14 15 16 17 18 19 20 21 22 23 24 25 26 27 28 29 30 31 32
inter4 inter4
na
norain
day day

50
F38 13 14 15 16 17 18 19 20 21 22 23 24 25 26 27 28 29 30 31 32 33
F111 8 10 12 14 15 16 17 18 19 20 21 22 23 24 25 26 27 28 29 30
inter4 inter4
na
norain
day morning

51
F39 12 13 14 15 16 17 18 19 20 21 22 23 24 25 26 27 28 29 30 31
F102 19 22 24 25 27 28 30 31 32 33 34 35 36 37 38 39 40 41 42 43 44 45 46
inter4 inter4
na
rain
evening day

52
F39 12 13 14 15 16 17 18 19 20 21 22 23 24 25 26 27 28 29 30 31
F103 16 19 20 21 22 24 26 27 28 29 30 31 32 33 34 35 36 37 38 39 40
inter4 inter4
na
norain
evening evening

53
F39 12 13 14 15 16 17 18 19 20 21 22 23 24 25 26 27 28 29 30 31
F104 10 15 19 21 22 23 24 25 26 28 30 31 33 35 38 40 41 43 45 46
inter4 inter4
na
norain
evening morning

54
F39 12 13 14 15 16 17 18 19 20 21 22 23 24 25 26 27 28 29 30 31
F105 8 10 11 12 13 14 15 16 17 18 19 20 21 22 23 24 25 26 27 28 29 30 31 32 33
inter4 inter4
na
norain
evening morning

56
F39 12 13 14 15 16 17 18 19 20 21 22 23 24 25 26 27 28 29 30 31
F107 8 12 15 17 19 20 21 22 23 24 25 26 27 28 29 31 32 34 35 36 37 38 39 40
inter4 inter4
na
rain
evening morning

57
F39 12 13 14 15 16 17 18 19 20 21 22 23 24 25 26 27 28 29 30 31
F108 8 10 12 13 14 15 16 17 18 19 20 21 22 23 24 25 26 27 28 29 30 31 32
inter4 inter4
na
norain
evening day

60
F39 12 13 14 15 16 17 18 19 20 21 22 23 24 25 26 27 28 29 30 31
F111 8 10 12 14 15 16 17 18 19 20 21 22 23 24 25 26 27 28 29 30
inter4 inter4
na
norain
evening morning

61
F40 4 5 6 7 8 9 10 11 12 13 14 15 16 17 18 19 20 21 22
F102 19 22 24 25 27 28 30 31 32 33 34 35 36 37 38 39 40 41 42 43 44 45 46
inter4 inter4
na
rain
day day

62
F40 4 5 6 7 8 9 10 11 12 13 14 15 16 17 18 19 20 21 22
F103 16 19 20 21 22 24 26 27 28 29 30 31 32 33 34 35 36 37 38 39 40
inter4 inter4
na
norain
day evening

63
F40 4 5 6 7 8 9 10 11 12 13 14 15 16 17 18 19 20 21 22
F104 10 15 19 21 22 23 24 25 26 28 30 31 33 35 38 40 41 43 45 46
inter4 inter4
na
norain
day morning

64
F40 4 5 6 7 8 9 10 11 12 13 14 15 16 17 18 19 20 21 22
F105 8 10 11 12 13 14 15 16 17 18 19 20 21 22 23 24 25 26 27 28 29 30 31 32 33
inter4 inter4
na
norain
day morning

66
F40 4 5 6 7 8 9 10 11 12 13 14 15 16 17 18 19 20 21 22
F107 8 12 15 17 19 20 21 22 23 24 25 26 27 28 29 31 32 34 35 36 37 38 39 40
inter4 inter4
na
rain
day morning

67
F40 4 5 6 7 8 9 10 11 12 13 14 15 16 17 18 19 20 21 22
F108 8 10 12 13 14 15 16 17 18 19 20 21 22 23 24 25 26 27 28 29 30 31 32
inter4 inter4
na
norain
day day

70
F40 4 5 6 7 8 9 10 11 12 13 14 15 16 17 18 19 20 21 22
F111 8 10 12 14 15 16 17 18 19 20 21 22 23 24 25 26 27 28 29 30
inter4 inter4
na
norain
day morning

71
F41 5 6 7 8 9 10 11 12 13 14 15 16 17 18 19 20 21 22 23 24 25 26 27
F102 19 22 24 25 27 28 30 31 32 33 34 35 36 37 38 39 40 41 42 43 44 45 46
inter4 inter4
na
rain
day day

72
F41 5 6 7 8 9 10 11 12 13 14 15 16 17 18 19 20 21 22 23 24 25 26 27
F103 16 19 20 21 22 24 26 27 28 29 30 31 32 33 34 35 36 37 38 39 40
inter4 inter4
na
norain
day evening

73
F41 5 6 7 8 9 10 11 12 13 14 15 16 17 18 19 20 21 22 23 24 25 26 27
F104 10 15 19 21 22 23 24 25 26 28 30 31 33 35 38 40 41 43 45 46
inter4 inter4
na
norain
day morning

74
F41 5 6 7 8 9 10 11 12 13 14 15 16 17 18 19 20 21 22 23 24 25 26 27
F105 8 10 11 12 13 14 15 16 17 18 19 20 21 22 23 24 25 26 27 28 29 30 31 32 33
inter4 inter4
na
norain
day morning

76
F41 5 6 7 8 9 10 11 12 13 14 15 16 17 18 19 20 21 22 23 24 25 26 27
F107 8 12 15 17 19 20 21 22 23 24 25 26 27 28 29 31 32 34 35 36 37 38 39 40
inter4 inter4
na
rain
day morning

77
F41 5 6 7 8 9 10 11 12 13 14 15 16 17 18 19 20 21 22 23 24 25 26 27
F108 8 10 12 13 14 15 16 17 18 19 20 21 22 23 24 25 26 27 28 29 30 31 32
inter4 inter4
na
norain
day day

80
F41 5 6 7 8 9 10 11 12 13 14 15 16 17 18 19 20 21 22 23 24 25 26 27
F111 8 10 12 14 15 16 17 18 19 20 21 22 23 24 25 26 27 28 29 30
inter4 inter4
na
norain
day morning

81
F42 1 2 3 4 5 6 7 8 9 10 11 12 13 14 15 16 17 18 19 20
F102 19 22 24 25 27 28 30 31 32 33 34 35 36 37 38 39 40 41 42 43 44 45 46
inter4 inter4
na
rain
evening day

82
F42 1 2 3 4 5 6 7 8 9 10 11 12 13 14 15 16 17 18 19 20
F103 16 19 20 21 22 24 26 27 28 29 30 31 32 33 34 35 36 37 38 39 40
inter4 inter4
na
norain
evening evening

83
F42 1 2 3 4 5 6 7 8 9 10 11 12 13 14 15 16 17 18 19 20
F104 10 15 19 21 22 23 24 25 26 28 30 31 33 35 38 40 41 43 45 46
inter4 inter4
na
norain
evening morning

84
F42 1 2 3 4 5 6 7 8 9 10 11 12 13 14 15 16 17 18 19 20
F105 8 10 11 12 13 14 15 16 17 18 19 20 21 22 23 24 25 26 27 28 29 30 31 32 33
inter4 inter4
na
norain
evening morning

86
F42 1 2 3 4 5 6 7 8 9 10 11 12 13 14 15 16 17 18 19 20
F107 8 12 15 17 19 20 21 22 23 24 25 26 27 28 29 31 32 34 35 36 37 38 39 40
inter4 inter4
na
rain
evening morning

87
F42 1 2 3 4 5 6 7 8 9 10 11 12 13 14 15 16 17 18 19 20
F108 8 10 12 13 14 15 16 17 18 19 20 21 22 23 24 25 26 27 28 29 30 31 32
inter4 inter4
na
norain
evening day

90
F42 1 2 3 4 5 6 7 8 9 10 11 12 13 14 15 16 17 18 19 20
F111 8 10 12 14 15 16 17 18 19 20 21 22 23 24 25 26 27 28 29 30
inter4 inter4
na
norain
evening morning

91
F43 7 8 9 10 11 12 13 14 15 16 17 18 19 20 21 22 23 24 25 26 27
F102 19 22 24 25 27 28 30 31 32 33 34 35 36 37 38 39 40 41 42 43 44 45 46
inter4 inter4
na
rain
morning day

92
F43 7 8 9 10 11 12 13 14 15 16 17 18 19 20 21 22 23 24 25 26 27
F103 16 19 20 21 22 24 26 27 28 29 30 31 32 33 34 35 36 37 38 39 40
inter4 inter4
na
norain
morning evening

93
F43 7 8 9 10 11 12 13 14 15 16 17 18 19 20 21 22 23 24 25 26 27
F104 10 15 19 21 22 23 24 25 26 28 30 31 33 35 38 40 41 43 45 46
inter4 inter4
na
norain
morning morning

94
F43 7 8 9 10 11 12 13 14 15 16 17 18 19 20 21 22 23 24 25 26 27
F105 8 10 11 12 13 14 15 16 17 18 19 20 21 22 23 24 25 26 27 28 29 30 31 32 33
inter4 inter4
na
norain
morning morning

96
F43 7 8 9 10 11 12 13 14 15 16 17 18 19 20 21 22 23 24 25 26 27
F107 8 12 15 17 19 20 21 22 23 24 25 26 27 28 29 31 32 34 35 36 37 38 39 40
inter4 inter4
na
rain
morning morning

97
F43 7 8 9 10 11 12 13 14 15 16 17 18 19 20 21 22 23 24 25 26 27
F108 8 10 12 13 14 15 16 17 18 19 20 21 22 23 24 25 26 27 28 29 30 31 32
inter4 inter4
na
norain
morning day

100
F43 7 8 9 10 11 12 13 14 15 16 17 18 19 20 21 22 23 24 25 26 27
F111 8 10 12 14 15 16 17 18 19 20 21 22 23 24 25 26 27 28 29 30
inter4 inter4
na
norain
morning morning

101
F44 5 6 7 8 9 10 11 12 13 14 15 16 17 18 19 20 21 22 23 24 25 26
F102 19 22 24 25 27 28 30 31 32 33 34 35 36 37 38 39 40 41 42 43 44 45 46
inter4 inter4
na
rain
day day

102
F44 5 6 7 8 9 10 11 12 13 14 15 16 17 18 19 20 21 22 23 24 25 26
F103 16 19 20 21 22 24 26 27 28 29 30 31 32 33 34 35 36 37 38 39 40
inter4 inter4
na
norain
day evening

103
F44 5 6 7 8 9 10 11 12 13 14 15 16 17 18 19 20 21 22 23 24 25 26
F104 10 15 19 21 22 23 24 25 26 28 30 31 33 35 38 40 41 43 45 46
inter4 inter4
na
norain
day morning

104
F44 5 6 7 8 9 10 11 12 13 14 15 16 17 18 19 20 21 22 23 24 25 26
F105 8 10 11 12 13 14 15 16 17 18 19 20 21 22 23 24 25 26 27 28 29 30 31 32 33
inter4 inter4
na
norain
day morning

106
F44 5 6 7 8 9 10 11 12 13 14 15 16 17 18 19 20 21 22 23 24 25 26
F107 8 12 15 17 19 20 21 22 23 24 25 26 27 28 29 31 32 34 35 36 37 38 39 40
inter4 inter4
na
rain
day morning

107
F44 5 6 7 8 9 10 11 12 13 14 15 16 17 18 19 20 21 22 23 24 25 26
F108 8 10 12 13 14 15 16 17 18 19 20 21 22 23 24 25 26 27 28 29 30 31 32
inter4 inter4
na
norain
day day

110
F44 5 6 7 8 9 10 11 12 13 14 15 16 17 18 19 20 21 22 23 24 25 26
F111 8 10 12 14 15 16 17 18 19 20 21 22 23 24 25 26 27 28 29 30
inter4 inter4
na
norain
day morning

111
F45 7 9 10 11 12 13 14 15 16 17 18 19 20 21 22 23 24 25 26 27 28 29
F102 19 22 24 25 27 28 30 31 32 33 34 35 36 37 38 39 40 41 42 43 44 45 46
inter4 inter4
na
rain
evening day

112
F45 7 9 10 11 12 13 14 15 16 17 18 19 20 21 22 23 24 25 26 27 28 29
F103 16 19 20 21 22 24 26 27 28 29 30 31 32 33 34 35 36 37 38 39 40
inter4 inter4
na
norain
evening evening

113
F45 7 9 10 11 12 13 14 15 16 17 18 19 20 21 22 23 24 25 26 27 28 29
F104 10 15 19 21 22 23 24 25 26 28 30 31 33 35 38 40 41 43 45 46
inter4 inter4
na
norain
evening morning

114
F45 7 9 10 11 12 13 14 15 16 17 18 19 20 21 22 23 24 25 26 27 28 29
F105 8 10 11 12 13 14 15 16 17 18 19 20 21 22 23 24 25 26 27 28 29 30 31 32 33
inter4 inter4
na
norain
evening morning

116
F45 7 9 10 11 12 13 14 15 16 17 18 19 20 21 22 23 24 25 26 27 28 29
F107 8 12 15 17 19 20 21 22 23 24 25 26 27 28 29 31 32 34 35 36 37 38 39 40
inter4 inter4
na
rain
evening morning

117
F45 7 9 10 11 12 13 14 15 16 17 18 19 20 21 22 23 24 25 26 27 28 29
F108 8 10 12 13 14 15 16 17 18 19 20 21 22 23 24 25 26 27 28 29 30 31 32
inter4 inter4
na
norain
evening day

120
F45 7 9 10 11 12 13 14 15 16 17 18 19 20 21 22 23 24 25 26 27 28 29
F111 8 10 12 14 15 16 17 18 19 20 21 22 23 24 25 26 27 28 29 30
inter4 inter4
na
norain
evening morning

121
F46 9 10 11 12 13 14 15 16 17 18 19 26 36 37 38 39 40 41 42 43 44 45 46 47
F102 19 22 24 25 27 28 30 31 32 33 34 35 36 37 38 39 40 41 42 43 44 45 46
inter4 inter4
na
rain
day day

122
F46 9 10 11 12 13 14 15 16 17 18 19 26 36 37 38 39 40 41 42 43 44 45 46 47
F103 16 19 20 21 22 24 26 27 28 29 30 31 32 33 34 35 36 37 38 39 40
inter4 inter4
na
norain
day evening

123
F46 9 10 11 12 13 14 15 16 17 18 19 26 36 37 38 39 40 41 42 43 44 45 46 47
F104 10 15 19 21 22 23 24 25 26 28 30 31 33 35 38 40 41 43 45 46
inter4 inter4
na
norain
day morning

124
F46 9 10 11 12 13 14 15 16 17 18 19 26 36 37 38 39 40 41 42 43 44 45 46 47
F105 8 10 11 12 13 14 15 16 17 18 19 20 21 22 23 24 25 26 27 28 29 30 31 32 33
inter4 inter4
na
norain
day morning

126
F46 9 10 11 12 13 14 15 16 17 18 19 26 36 37 38 39 40 41 42 43 44 45 46 47
F107 8 12 15 17 19 20 21 22 23 24 25 26 27 28 29 31 32 34 35 36 37 38 39 40
inter4 inter4
na
rain
day morning

127
F46 9 10 11 12 13 14 15 16 17 18 19 26 36 37 38 39 40 41 42 43 44 45 46 47
F108 8 10 12 13 14 15 16 17 18 19 20 21 22 23 24 25 26 27 28 29 30 31 32
inter4 inter4
na
norain
day day

130
F46 9 10 11 12 13 14 15 16 17 18 19 26 36 37 38 39 40 41 42 43 44 45 46 47
F111 8 10 12 14 15 16 17 18 19 20 21 22 23 24 25 26 27 28 29 30
inter4 inter4
na
norain
day morning

131
F47 8 11 14 16 18 19 20 21 22 23 24 25 26 28 31 33 35
F102 19 22 24 25 27 28 30 31 32 33 34 35 36 37 38 39 40 41 42 43 44 45 46
inter4 inter4
na
rain
evening day

132
F47 8 11 14 16 18 19 20 21 22 23 24 25 26 28 31 33 35
F103 16 19 20 21 22 24 26 27 28 29 30 31 32 33 34 35 36 37 38 39 40
inter4 inter4
na
norain
evening evening

133
F47 8 11 14 16 18 19 20 21 22 23 24 25 26 28 31 33 35
F104 10 15 19 21 22 23 24 25 26 28 30 31 33 35 38 40 41 43 45 46
inter4 inter4
na
norain
evening morning

134
F47 8 11 14 16 18 19 20 21 22 23 24 25 26 28 31 33 35
F105 8 10 11 12 13 14 15 16 17 18 19 20 21 22 23 24 25 26 27 28 29 30 31 32 33
inter4 inter4
na
norain
evening morning

136
F47 8 11 14 16 18 19 20 21 22 23 24 25 26 28 31 33 35
F107 8 12 15 17 19 20 21 22 23 24 25 26 27 28 29 31 32 34 35 36 37 38 39 40
inter4 inter4
na
rain
evening morning

137
F47 8 11 14 16 18 19 20 21 22 23 24 25 26 28 31 33 35
F108 8 10 12 13 14 15 16 17 18 19 20 21 22 23 24 25 26 27 28 29 30 31 32
inter4 inter4
na
norain
evening day

140
F47 8 11 14 16 18 19 20 21 22 23 24 25 26 28 31 33 35
F111 8 10 12 14 15 16 17 18 19 20 21 22 23 24 25 26 27 28 29 30
inter4 inter4
na
norain
evening morning

141
F48 14 16 18 20 22 24 25 26 27 28 29 30 31 32 35 38 41 42 43 44
F102 19 22 24 25 27 28 30 31 32 33 34 35 36 37 38 39 40 41 42 43 44 45 46
inter4 inter4
na
bothrain
morning day

142
F48 14 16 18 20 22 24 25 26 27 28 29 30 31 32 35 38 41 42 43 44
F103 16 19 20 21 22 24 26 27 28 29 30 31 32 33 34 35 36 37 38 39 40
inter4 inter4
na
rain
morning evening

143
F48 14 16 18 20 22 24 25 26 27 28 29 30 31 32 35 38 41 42 43 44
F104 10 15 19 21 22 23 24 25 26 28 30 31 33 35 38 40 41 43 45 46
inter4 inter4
na
rain
morning morning

144
F48 14 16 18 20 22 24 25 26 27 28 29 30 31 32 35 38 41 42 43 44
F105 8 10 11 12 13 14 15 16 17 18 19 20 21 22 23 24 25 26 27 28 29 30 31 32 33
inter4 inter4
na
rain
morning morning

146
F48 14 16 18 20 22 24 25 26 27 28 29 30 31 32 35 38 41 42 43 44
F107 8 12 15 17 19 20 21 22 23 24 25 26 27 28 29 31 32 34 35 36 37 38 39 40
inter4 inter4
na
bothrain
morning morning

147
F48 14 16 18 20 22 24 25 26 27 28 29 30 31 32 35 38 41 42 43 44
F108 8 10 12 13 14 15 16 17 18 19 20 21 22 23 24 25 26 27 28 29 30 31 32
inter4 inter4
na
rain
morning day

150
F48 14 16 18 20 22 24 25 26 27 28 29 30 31 32 35 38 41 42 43 44
F111 8 10 12 14 15 16 17 18 19 20 21 22 23 24 25 26 27 28 29 30
inter4 inter4
na
rain
morning morning

155
F49 16 19 21 22 23 24 25 26 27 28 29 30 32 34 35 36 37 38 39 40 42 44 45 46
F106 7 8 10 11 12 13 14 15 16 17 18 19 20 21 22 23 24 25 26 27
inter4 inter4
na
norain
night night

158
F49 16 19 21 22 23 24 25 26 27 28 29 30 32 34 35 36 37 38 39 40 42 44 45 46
F109 15 17 18 20 21 22 23 24 25 26 27 28 29 30 31 32 33 34 35 36 37 38 39 40 41 42
inter4 inter4
na
norain
night night

159
F49 16 19 21 22 23 24 25 26 27 28 29 30 32 34 35 36 37 38 39 40 42 44 45 46
F110 13 15 16 17 18 19 20 21 22 23 24 25 26 27 28 29 30 31 32 33 34 35 36 37 38 39 40
inter4 inter4
na
norain
night night

161
F50 10 15 18 20 21 22 23 24 26 27 29 30 31 33 34 36 38 39 40 43 45 46
F102 19 22 24 25 27 28 30 31 32 33 34 35 36 37 38 39 40 41 42 43 44 45 46
inter4 inter4
na
bothrain
morning day

162
F50 10 15 18 20 21 22 23 24 26 27 29 30 31 33 34 36 38 39 40 43 45 46
F103 16 19 20 21 22 24 26 27 28 29 30 31 32 33 34 35 36 37 38 39 40
inter4 inter4
na
rain
morning evening

163
F50 10 15 18 20 21 22 23 24 26 27 29 30 31 33 34 36 38 39 40 43 45 46
F104 10 15 19 21 22 23 24 25 26 28 30 31 33 35 38 40 41 43 45 46
inter4 inter4
na
rain
morning morning

164
F50 10 15 18 20 21 22 23 24 26 27 29 30 31 33 34 36 38 39 40 43 45 46
F105 8 10 11 12 13 14 15 16 17 18 19 20 21 22 23 24 25 26 27 28 29 30 31 32 33
inter4 inter4
na
rain
morning morning

166
F50 10 15 18 20 21 22 23 24 26 27 29 30 31 33 34 36 38 39 40 43 45 46
F107 8 12 15 17 19 20 21 22 23 24 25 26 27 28 29 31 32 34 35 36 37 38 39 40
inter4 inter4
na
bothrain
morning morning

167
F50 10 15 18 20 21 22 23 24 26 27 29 30 31 33 34 36 38 39 40 43 45 46
F108 8 10 12 13 14 15 16 17 18 19 20 21 22 23 24 25 26 27 28 29 30 31 32
inter4 inter4
na
rain
morning day

170
F50 10 15 18 20 21 22 23 24 26 27 29 30 31 33 34 36 38 39 40 43 45 46
F111 8 10 12 14 15 16 17 18 19 20 21 22 23 24 25 26 27 28 29 30
inter4 inter4
na
rain
morning morning

171
F51 16 19 20 22 23 24 26 28 29 30 32 33 34 35 36 39 42 45 47 49 52 54
F102 19 22 24 25 27 28 30 31 32 33 34 35 36 37 38 39 40 41 42 43 44 45 46
inter4 inter4
na
rain
day day

172
F51 16 19 20 22 23 24 26 28 29 30 32 33 34 35 36 39 42 45 47 49 52 54
F103 16 19 20 21 22 24 26 27 28 29 30 31 32 33 34 35 36 37 38 39 40
inter4 inter4
na
norain
day evening

173
F51 16 19 20 22 23 24 26 28 29 30 32 33 34 35 36 39 42 45 47 49 52 54
F104 10 15 19 21 22 23 24 25 26 28 30 31 33 35 38 40 41 43 45 46
inter4 inter4
na
norain
day morning

174
F51 16 19 20 22 23 24 26 28 29 30 32 33 34 35 36 39 42 45 47 49 52 54
F105 8 10 11 12 13 14 15 16 17 18 19 20 21 22 23 24 25 26 27 28 29 30 31 32 33
inter4 inter4
na
norain
day morning

176
F51 16 19 20 22 23 24 26 28 29 30 32 33 34 35 36 39 42 45 47 49 52 54
F107 8 12 15 17 19 20 21 22 23 24 25 26 27 28 29 31 32 34 35 36 37 38 39 40
inter4 inter4
na
rain
day morning

177
F51 16 19 20 22 23 24 26 28 29 30 32 33 34 35 36 39 42 45 47 49 52 54
F108 8 10 12 13 14 15 16 17 18 19 20 21 22 23 24 25 26 27 28 29 30 31 32
inter4 inter4
na
norain
day day

180
F51 16 19 20 22 23 24 26 28 29 30 32 33 34 35 36 39 42 45 47 49 52 54
F111 8 10 12 14 15 16 17 18 19 20 21 22 23 24 25 26 27 28 29 30
inter4 inter4
na
norain
day morning

181
F52 13 16 19 20 21 23 25 26 32 34 35 37 38 40 43 44 46 47
F102 19 22 24 25 27 28 30 31 32 33 34 35 36 37 38 39 40 41 42 43 44 45 46
inter4 inter4
na
rain
morning day

182
F52 13 16 19 20 21 23 25 26 32 34 35 37 38 40 43 44 46 47
F103 16 19 20 21 22 24 26 27 28 29 30 31 32 33 34 35 36 37 38 39 40
inter4 inter4
na
norain
morning evening

183
F52 13 16 19 20 21 23 25 26 32 34 35 37 38 40 43 44 46 47
F104 10 15 19 21 22 23 24 25 26 28 30 31 33 35 38 40 41 43 45 46
inter4 inter4
na
norain
morning morning

184
F52 13 16 19 20 21 23 25 26 32 34 35 37 38 40 43 44 46 47
F105 8 10 11 12 13 14 15 16 17 18 19 20 21 22 23 24 25 26 27 28 29 30 31 32 33
inter4 inter4
na
norain
morning morning

186
F52 13 16 19 20 21 23 25 26 32 34 35 37 38 40 43 44 46 47
F107 8 12 15 17 19 20 21 22 23 24 25 26 27 28 29 31 32 34 35 36 37 38 39 40
inter4 inter4
na
rain
morning morning

187
F52 13 16 19 20 21 23 25 26 32 34 35 37 38 40 43 44 46 47
F108 8 10 12 13 14 15 16 17 18 19 20 21 22 23 24 25 26 27 28 29 30 31 32
inter4 inter4
na
norain
morning day

190
F52 13 16 19 20 21 23 25 26 32 34 35 37 38 40 43 44 46 47
F111 8 10 12 14 15 16 17 18 19 20 21 22 23 24 25 26 27 28 29 30
inter4 inter4
na
norain
morning morning

191
F53 16 19 22 24 27 28 30 33 34 37 40 41 42 44 45 46 47 48 49 50 51 52
F102 19 22 24 25 27 28 30 31 32 33 34 35 36 37 38 39 40 41 42 43 44 45 46
inter4 inter4
na
bothrain
day day

192
F53 16 19 22 24 27 28 30 33 34 37 40 41 42 44 45 46 47 48 49 50 51 52
F103 16 19 20 21 22 24 26 27 28 29 30 31 32 33 34 35 36 37 38 39 40
inter4 inter4
na
rain
day evening

193
F53 16 19 22 24 27 28 30 33 34 37 40 41 42 44 45 46 47 48 49 50 51 52
F104 10 15 19 21 22 23 24 25 26 28 30 31 33 35 38 40 41 43 45 46
inter4 inter4
na
rain
day morning

194
F53 16 19 22 24 27 28 30 33 34 37 40 41 42 44 45 46 47 48 49 50 51 52
F105 8 10 11 12 13 14 15 16 17 18 19 20 21 22 23 24 25 26 27 28 29 30 31 32 33
inter4 inter4
na
rain
day morning

196
F53 16 19 22 24 27 28 30 33 34 37 40 41 42 44 45 46 47 48 49 50 51 52
F107 8 12 15 17 19 20 21 22 23 24 25 26 27 28 29 31 32 34 35 36 37 38 39 40
inter4 inter4
na
bothrain
day morning

197
F53 16 19 22 24 27 28 30 33 34 37 40 41 42 44 45 46 47 48 49 50 51 52
F108 8 10 12 13 14 15 16 17 18 19 20 21 22 23 24 25 26 27 28 29 30 31 32
inter4 inter4
na
rain
day day

200
F53 16 19 22 24 27 28 30 33 34 37 40 41 42 44 45 46 47 48 49 50 51 52
F111 8 10 12 14 15 16 17 18 19 20 21 22 23 24 25 26 27 28 29 30
inter4 inter4
na
rain
day morning

201
F54 24 27 30 32 35 37 39 41 42 45 46 47 48 49 50 51 52 53 54 55 57 59
F102 19 22 24 25 27 28 30 31 32 33 34 35 36 37 38 39 40 41 42 43 44 45 46
inter4 inter4
na
bothrain
day day

202
F54 24 27 30 32 35 37 39 41 42 45 46 47 48 49 50 51 52 53 54 55 57 59
F103 16 19 20 21 22 24 26 27 28 29 30 31 32 33 34 35 36 37 38 39 40
inter4 inter4
na
rain
day evening

203
F54 24 27 30 32 35 37 39 41 42 45 46 47 48 49 50 51 52 53 54 55 57 59
F104 10 15 19 21 22 23 24 25 26 28 30 31 33 35 38 40 41 43 45 46
inter4 inter4
na
rain
day morning

204
F54 24 27 30 32 35 37 39 41 42 45 46 47 48 49 50 51 52 53 54 55 57 59
F105 8 10 11 12 13 14 15 16 17 18 19 20 21 22 23 24 25 26 27 28 29 30 31 32 33
inter4 inter4
na
rain
day morning

206
F54 24 27 30 32 35 37 39 41 42 45 46 47 48 49 50 51 52 53 54 55 57 59
F107 8 12 15 17 19 20 21 22 23 24 25 26 27 28 29 31 32 34 35 36 37 38 39 40
inter4 inter4
na
bothrain
day morning

207
F54 24 27 30 32 35 37 39 41 42 45 46 47 48 49 50 51 52 53 54 55 57 59
F108 8 10 12 13 14 15 16 17 18 19 20 21 22 23 24 25 26 27 28 29 30 31 32
inter4 inter4
na
rain
day day

210
F54 24 27 30 32 35 37 39 41 42 45 46 47 48 49 50 51 52 53 54 55 57 59
F111 8 10 12 14 15 16 17 18 19 20 21 22 23 24 25 26 27 28 29 30
inter4 inter4
na
rain
day morning

215
F55 19 22 26 29 31 32 33 37 38 40 41 42 43 44 45 46 47 48 49 50 51
F106 7 8 10 11 12 13 14 15 16 17 18 19 20 21 22 23 24 25 26 27
inter4 inter4
na
norain
night night

218
F55 19 22 26 29 31 32 33 37 38 40 41 42 43 44 45 46 47 48 49 50 51
F109 15 17 18 20 21 22 23 24 25 26 27 28 29 30 31 32 33 34 35 36 37 38 39 40 41 42
inter4 inter4
na
norain
night night

219
F55 19 22 26 29 31 32 33 37 38 40 41 42 43 44 45 46 47 48 49 50 51
F110 13 15 16 17 18 19 20 21 22 23 24 25 26 27 28 29 30 31 32 33 34 35 36 37 38 39 40
inter4 inter4
na
norain
night night

221
F56 7 11 14 17 18 19 20 22 23 24 25 26 28 29 30 31 33 34 36 37 38 39 40 42
F102 19 22 24 25 27 28 30 31 32 33 34 35 36 37 38 39 40 41 42 43 44 45 46
inter4 inter4
na
bothrain
day day

222
F56 7 11 14 17 18 19 20 22 23 24 25 26 28 29 30 31 33 34 36 37 38 39 40 42
F103 16 19 20 21 22 24 26 27 28 29 30 31 32 33 34 35 36 37 38 39 40
inter4 inter4
na
rain
day evening

223
F56 7 11 14 17 18 19 20 22 23 24 25 26 28 29 30 31 33 34 36 37 38 39 40 42
F104 10 15 19 21 22 23 24 25 26 28 30 31 33 35 38 40 41 43 45 46
inter4 inter4
na
rain
day morning

224
F56 7 11 14 17 18 19 20 22 23 24 25 26 28 29 30 31 33 34 36 37 38 39 40 42
F105 8 10 11 12 13 14 15 16 17 18 19 20 21 22 23 24 25 26 27 28 29 30 31 32 33
inter4 inter4
na
rain
day morning

226
F56 7 11 14 17 18 19 20 22 23 24 25 26 28 29 30 31 33 34 36 37 38 39 40 42
F107 8 12 15 17 19 20 21 22 23 24 25 26 27 28 29 31 32 34 35 36 37 38 39 40
inter4 inter4
na
bothrain
day morning

227
F56 7 11 14 17 18 19 20 22 23 24 25 26 28 29 30 31 33 34 36 37 38 39 40 42
F108 8 10 12 13 14 15 16 17 18 19 20 21 22 23 24 25 26 27 28 29 30 31 32
inter4 inter4
na
rain
day day

230
F56 7 11 14 17 18 19 20 22 23 24 25 26 28 29 30 31 33 34 36 37 38 39 40 42
F111 8 10 12 14 15 16 17 18 19 20 21 22 23 24 25 26 27 28 29 30
inter4 inter4
na
rain
day morning

231
F57 13 16 19 20 21 22 23 25 26 27 28 29 30 31 32 34 36 37 38 40 41
F102 19 22 24 25 27 28 30 31 32 33 34 35 36 37 38 39 40 41 42 43 44 45 46
inter4 inter4
na
bothrain
day day

232
F57 13 16 19 20 21 22 23 25 26 27 28 29 30 31 32 34 36 37 38 40 41
F103 16 19 20 21 22 24 26 27 28 29 30 31 32 33 34 35 36 37 38 39 40
inter4 inter4
na
rain
day evening

233
F57 13 16 19 20 21 22 23 25 26 27 28 29 30 31 32 34 36 37 38 40 41
F104 10 15 19 21 22 23 24 25 26 28 30 31 33 35 38 40 41 43 45 46
inter4 inter4
na
rain
day morning

234
F57 13 16 19 20 21 22 23 25 26 27 28 29 30 31 32 34 36 37 38 40 41
F105 8 10 11 12 13 14 15 16 17 18 19 20 21 22 23 24 25 26 27 28 29 30 31 32 33
inter4 inter4
na
rain
day morning

236
F57 13 16 19 20 21 22 23 25 26 27 28 29 30 31 32 34 36 37 38 40 41
F107 8 12 15 17 19 20 21 22 23 24 25 26 27 28 29 31 32 34 35 36 37 38 39 40
inter4 inter4
na
bothrain
day morning

237
F57 13 16 19 20 21 22 23 25 26 27 28 29 30 31 32 34 36 37 38 40 41
F108 8 10 12 13 14 15 16 17 18 19 20 21 22 23 24 25 26 27 28 29 30 31 32
inter4 inter4
na
rain
day day

240
F57 13 16 19 20 21 22 23 25 26 27 28 29 30 31 32 34 36 37 38 40 41
F111 8 10 12 14 15 16 17 18 19 20 21 22 23 24 25 26 27 28 29 30
inter4 inter4
na
rain
day morning

241
F58 11 14 15 16 18 21 22 23 24 25 26 27 29 30 31 32 33 34 35 36 37
F102 19 22 24 25 27 28 30 31 32 33 34 35 36 37 38 39 40 41 42 43 44 45 46
inter4 inter4
na
rain
day day

242
F58 11 14 15 16 18 21 22 23 24 25 26 27 29 30 31 32 33 34 35 36 37
F103 16 19 20 21 22 24 26 27 28 29 30 31 32 33 34 35 36 37 38 39 40
inter4 inter4
na
norain
day evening

243
F58 11 14 15 16 18 21 22 23 24 25 26 27 29 30 31 32 33 34 35 36 37
F104 10 15 19 21 22 23 24 25 26 28 30 31 33 35 38 40 41 43 45 46
inter4 inter4
na
norain
day morning

244
F58 11 14 15 16 18 21 22 23 24 25 26 27 29 30 31 32 33 34 35 36 37
F105 8 10 11 12 13 14 15 16 17 18 19 20 21 22 23 24 25 26 27 28 29 30 31 32 33
inter4 inter4
na
norain
day morning

246
F58 11 14 15 16 18 21 22 23 24 25 26 27 29 30 31 32 33 34 35 36 37
F107 8 12 15 17 19 20 21 22 23 24 25 26 27 28 29 31 32 34 35 36 37 38 39 40
inter4 inter4
na
rain
day morning

247
F58 11 14 15 16 18 21 22 23 24 25 26 27 29 30 31 32 33 34 35 36 37
F108 8 10 12 13 14 15 16 17 18 19 20 21 22 23 24 25 26 27 28 29 30 31 32
inter4 inter4
na
norain
day day

250
F58 11 14 15 16 18 21 22 23 24 25 26 27 29 30 31 32 33 34 35 36 37
F111 8 10 12 14 15 16 17 18 19 20 21 22 23 24 25 26 27 28 29 30
inter4 inter4
na
norain
day morning

251
F59 15 17 19 21 23 24 25 26 27 28 29 30 31 32 34 35 38 39 40 41
F102 19 22 24 25 27 28 30 31 32 33 34 35 36 37 38 39 40 41 42 43 44 45 46
inter3 inter4
na
rain
day day

252
F59 15 17 19 21 23 24 25 26 27 28 29 30 31 32 34 35 38 39 40 41
F103 16 19 20 21 22 24 26 27 28 29 30 31 32 33 34 35 36 37 38 39 40
inter3 inter4
na
norain
day evening

253
F59 15 17 19 21 23 24 25 26 27 28 29 30 31 32 34 35 38 39 40 41
F104 10 15 19 21 22 23 24 25 26 28 30 31 33 35 38 40 41 43 45 46
inter3 inter4
na
norain
day morning

254
F59 15 17 19 21 23 24 25 26 27 28 29 30 31 32 34 35 38 39 40 41
F105 8 10 11 12 13 14 15 16 17 18 19 20 21 22 23 24 25 26 27 28 29 30 31 32 33
inter3 inter4
na
norain
day morning

256
F59 15 17 19 21 23 24 25 26 27 28 29 30 31 32 34 35 38 39 40 41
F107 8 12 15 17 19 20 21 22 23 24 25 26 27 28 29 31 32 34 35 36 37 38 39 40
inter3 inter4
na
rain
day morning

257
F59 15 17 19 21 23 24 25 26 27 28 29 30 31 32 34 35 38 39 40 41
F108 8 10 12 13 14 15 16 17 18 19 20 21 22 23 24 25 26 27 28 29 30 31 32
inter3 inter4
na
norain
day day

260
F59 15 17 19 21 23 24 25 26 27 28 29 30 31 32 34 35 38 39 40 41
F111 8 10 12 14 15 16 17 18 19 20 21 22 23 24 25 26 27 28 29 30
inter3 inter4
na
norain
day morning

265
F60 6 12 15 16 17 18 19 20 21 22 23 24 25 26 27 28 29 30 31 32 34
F106 7 8 10 11 12 13 14 15 16 17 18 19 20 21 22 23 24 25 26 27
inter3 inter4
na
norain
night night

268
F60 6 12 15 16 17 18 19 20 21 22 23 24 25 26 27 28 29 30 31 32 34
F109 15 17 18 20 21 22 23 24 25 26 27 28 29 30 31 32 33 34 35 36 37 38 39 40 41 42
inter3 inter4
na
norain
night night

269
F60 6 12 15 16 17 18 19 20 21 22 23 24 25 26 27 28 29 30 31 32 34
F110 13 15 16 17 18 19 20 21 22 23 24 25 26 27 28 29 30 31 32 33 34 35 36 37 38 39 40
inter3 inter4
na
norain
night night

271
F61 10 11 12 13 14 15 16 17 18 19 20 21 22 23 24 25 26 27 28 29
F102 19 22 24 25 27 28 30 31 32 33 34 35 36 37 38 39 40 41 42 43 44 45 46
inter3 inter4
na
rain
day day

272
F61 10 11 12 13 14 15 16 17 18 19 20 21 22 23 24 25 26 27 28 29
F103 16 19 20 21 22 24 26 27 28 29 30 31 32 33 34 35 36 37 38 39 40
inter3 inter4
na
norain
day evening

273
F61 10 11 12 13 14 15 16 17 18 19 20 21 22 23 24 25 26 27 28 29
F104 10 15 19 21 22 23 24 25 26 28 30 31 33 35 38 40 41 43 45 46
inter3 inter4
na
norain
day morning

274
F61 10 11 12 13 14 15 16 17 18 19 20 21 22 23 24 25 26 27 28 29
F105 8 10 11 12 13 14 15 16 17 18 19 20 21 22 23 24 25 26 27 28 29 30 31 32 33
inter3 inter4
na
norain
day morning

276
F61 10 11 12 13 14 15 16 17 18 19 20 21 22 23 24 25 26 27 28 29
F107 8 12 15 17 19 20 21 22 23 24 25 26 27 28 29 31 32 34 35 36 37 38 39 40
inter3 inter4
na
rain
day morning

277
F61 10 11 12 13 14 15 16 17 18 19 20 21 22 23 24 25 26 27 28 29
F108 8 10 12 13 14 15 16 17 18 19 20 21 22 23 24 25 26 27 28 29 30 31 32
inter3 inter4
na
norain
day day

280
F61 10 11 12 13 14 15 16 17 18 19 20 21 22 23 24 25 26 27 28 29
F111 8 10 12 14 15 16 17 18 19 20 21 22 23 24 25 26 27 28 29 30
inter3 inter4
na
norain
day morning

281
F62 18 20 22 24 26 27 28 29 30 31 33 35 36 37 38 40 41 43 44 45
F102 19 22 24 25 27 28 30 31 32 33 34 35 36 37 38 39 40 41 42 43 44 45 46
inter3 inter4
na
bothrain
evening day

282
F62 18 20 22 24 26 27 28 29 30 31 33 35 36 37 38 40 41 43 44 45
F103 16 19 20 21 22 24 26 27 28 29 30 31 32 33 34 35 36 37 38 39 40
inter3 inter4
na
rain
evening evening

283
F62 18 20 22 24 26 27 28 29 30 31 33 35 36 37 38 40 41 43 44 45
F104 10 15 19 21 22 23 24 25 26 28 30 31 33 35 38 40 41 43 45 46
inter3 inter4
na
rain
evening morning

284
F62 18 20 22 24 26 27 28 29 30 31 33 35 36 37 38 40 41 43 44 45
F105 8 10 11 12 13 14 15 16 17 18 19 20 21 22 23 24 25 26 27 28 29 30 31 32 33
inter3 inter4
na
rain
evening morning

286
F62 18 20 22 24 26 27 28 29 30 31 33 35 36 37 38 40 41 43 44 45
F107 8 12 15 17 19 20 21 22 23 24 25 26 27 28 29 31 32 34 35 36 37 38 39 40
inter3 inter4
na
bothrain
evening morning

287
F62 18 20 22 24 26 27 28 29 30 31 33 35 36 37 38 40 41 43 44 45
F108 8 10 12 13 14 15 16 17 18 19 20 21 22 23 24 25 26 27 28 29 30 31 32
inter3 inter4
na
rain
evening day

290
F62 18 20 22 24 26 27 28 29 30 31 33 35 36 37 38 40 41 43 44 45
F111 8 10 12 14 15 16 17 18 19 20 21 22 23 24 25 26 27 28 29 30
inter3 inter4
na
rain
evening morning

291
F63 10 11 12 13 14 15 16 17 18 19 20 21 22 23 24 25 26 27 28 29
F102 19 22 24 25 27 28 30 31 32 33 34 35 36 37 38 39 40 41 42 43 44 45 46
inter3 inter4
na
rain
day day

292
F63 10 11 12 13 14 15 16 17 18 19 20 21 22 23 24 25 26 27 28 29
F103 16 19 20 21 22 24 26 27 28 29 30 31 32 33 34 35 36 37 38 39 40
inter3 inter4
na
norain
day evening

293
F63 10 11 12 13 14 15 16 17 18 19 20 21 22 23 24 25 26 27 28 29
F104 10 15 19 21 22 23 24 25 26 28 30 31 33 35 38 40 41 43 45 46
inter3 inter4
na
norain
day morning

294
F63 10 11 12 13 14 15 16 17 18 19 20 21 22 23 24 25 26 27 28 29
F105 8 10 11 12 13 14 15 16 17 18 19 20 21 22 23 24 25 26 27 28 29 30 31 32 33
inter3 inter4
na
norain
day morning

296
F63 10 11 12 13 14 15 16 17 18 19 20 21 22 23 24 25 26 27 28 29
F107 8 12 15 17 19 20 21 22 23 24 25 26 27 28 29 31 32 34 35 36 37 38 39 40
inter3 inter4
na
rain
day morning

297
F63 10 11 12 13 14 15 16 17 18 19 20 21 22 23 24 25 26 27 28 29
F108 8 10 12 13 14 15 16 17 18 19 20 21 22 23 24 25 26 27 28 29 30 31 32
inter3 inter4
na
norain
day day

300
F63 10 11 12 13 14 15 16 17 18 19 20 21 22 23 24 25 26 27 28 29
F111 8 10 12 14 15 16 17 18 19 20 21 22 23 24 25 26 27 28 29 30
inter3 inter4
na
norain
day morning

305
F64 12 13 14 15 16 17 18 19 20 21 22 23 24 25 26 27 28 29 31 32
F106 7 8 10 11 12 13 14 15 16 17 18 19 20 21 22 23 24 25 26 27
inter3 inter4
na
rain
night night

308
F64 12 13 14 15 16 17 18 19 20 21 22 23 24 25 26 27 28 29 31 32
F109 15 17 18 20 21 22 23 24 25 26 27 28 29 30 31 32 33 34 35 36 37 38 39 40 41 42
inter3 inter4
na
rain
night night

309
F64 12 13 14 15 16 17 18 19 20 21 22 23 24 25 26 27 28 29 31 32
F110 13 15 16 17 18 19 20 21 22 23 24 25 26 27 28 29 30 31 32 33 34 35 36 37 38 39 40
inter3 inter4
na
rain
night night

315
F65 13 15 17 19 21 23 25 27 30 32 34 35 36 37 38 39 40 41 42 43
F106 7 8 10 11 12 13 14 15 16 17 18 19 20 21 22 23 24 25 26 27
inter3 inter4
na
rain
night night

318
F65 13 15 17 19 21 23 25 27 30 32 34 35 36 37 38 39 40 41 42 43
F109 15 17 18 20 21 22 23 24 25 26 27 28 29 30 31 32 33 34 35 36 37 38 39 40 41 42
inter3 inter4
na
rain
night night

319
F65 13 15 17 19 21 23 25 27 30 32 34 35 36 37 38 39 40 41 42 43
F110 13 15 16 17 18 19 20 21 22 23 24 25 26 27 28 29 30 31 32 33 34 35 36 37 38 39 40
inter3 inter4
na
rain
night night

321
F66 10 12 14 15 16 17 18 19 20 21 22 23 24 25 26 27 29 30 31 32 33
F102 19 22 24 25 27 28 30 31 32 33 34 35 36 37 38 39 40 41 42 43 44 45 46
inter3 inter4
na
rain
day day

322
F66 10 12 14 15 16 17 18 19 20 21 22 23 24 25 26 27 29 30 31 32 33
F103 16 19 20 21 22 24 26 27 28 29 30 31 32 33 34 35 36 37 38 39 40
inter3 inter4
na
norain
day evening

323
F66 10 12 14 15 16 17 18 19 20 21 22 23 24 25 26 27 29 30 31 32 33
F104 10 15 19 21 22 23 24 25 26 28 30 31 33 35 38 40 41 43 45 46
inter3 inter4
na
norain
day morning

324
F66 10 12 14 15 16 17 18 19 20 21 22 23 24 25 26 27 29 30 31 32 33
F105 8 10 11 12 13 14 15 16 17 18 19 20 21 22 23 24 25 26 27 28 29 30 31 32 33
inter3 inter4
na
norain
day morning

326
F66 10 12 14 15 16 17 18 19 20 21 22 23 24 25 26 27 29 30 31 32 33
F107 8 12 15 17 19 20 21 22 23 24 25 26 27 28 29 31 32 34 35 36 37 38 39 40
inter3 inter4
na
rain
day morning

327
F66 10 12 14 15 16 17 18 19 20 21 22 23 24 25 26 27 29 30 31 32 33
F108 8 10 12 13 14 15 16 17 18 19 20 21 22 23 24 25 26 27 28 29 30 31 32
inter3 inter4
na
norain
day day

330
F66 10 12 14 15 16 17 18 19 20 21 22 23 24 25 26 27 29 30 31 32 33
F111 8 10 12 14 15 16 17 18 19 20 21 22 23 24 25 26 27 28 29 30
inter3 inter4
na
norain
day morning

331
F67 11 13 15 17 18 19 20 21 22 24 25 26 27 28 29 30 32 34 35 36
F102 19 22 24 25 27 28 30 31 32 33 34 35 36 37 38 39 40 41 42 43 44 45 46
inter3 inter4
na
rain
day day

332
F67 11 13 15 17 18 19 20 21 22 24 25 26 27 28 29 30 32 34 35 36
F103 16 19 20 21 22 24 26 27 28 29 30 31 32 33 34 35 36 37 38 39 40
inter3 inter4
na
norain
day evening

333
F67 11 13 15 17 18 19 20 21 22 24 25 26 27 28 29 30 32 34 35 36
F104 10 15 19 21 22 23 24 25 26 28 30 31 33 35 38 40 41 43 45 46
inter3 inter4
na
norain
day morning

334
F67 11 13 15 17 18 19 20 21 22 24 25 26 27 28 29 30 32 34 35 36
F105 8 10 11 12 13 14 15 16 17 18 19 20 21 22 23 24 25 26 27 28 29 30 31 32 33
inter3 inter4
na
norain
day morning

336
F67 11 13 15 17 18 19 20 21 22 24 25 26 27 28 29 30 32 34 35 36
F107 8 12 15 17 19 20 21 22 23 24 25 26 27 28 29 31 32 34 35 36 37 38 39 40
inter3 inter4
na
rain
day morning

337
F67 11 13 15 17 18 19 20 21 22 24 25 26 27 28 29 30 32 34 35 36
F108 8 10 12 13 14 15 16 17 18 19 20 21 22 23 24 25 26 27 28 29 30 31 32
inter3 inter4
na
norain
day day

340
F67 11 13 15 17 18 19 20 21 22 24 25 26 27 28 29 30 32 34 35 36
F111 8 10 12 14 15 16 17 18 19 20 21 22 23 24 25 26 27 28 29 30
inter3 inter4
na
norain
day morning

345
F68 15 18 21 23 25 27 28 29 30 31 32 33 34 35 36 37 38 39 40 41 42
F106 7 8 10 11 12 13 14 15 16 17 18 19 20 21 22 23 24 25 26 27
inter3 inter4
na
norain
night night

348
F68 15 18 21 23 25 27 28 29 30 31 32 33 34 35 36 37 38 39 40 41 42
F109 15 17 18 20 21 22 23 24 25 26 27 28 29 30 31 32 33 34 35 36 37 38 39 40 41 42
inter3 inter4
na
norain
night night

349
F68 15 18 21 23 25 27 28 29 30 31 32 33 34 35 36 37 38 39 40 41 42
F110 13 15 16 17 18 19 20 21 22 23 24 25 26 27 28 29 30 31 32 33 34 35 36 37 38 39 40
inter3 inter4
na
norain
night night

355
F69 11 14 17 18 19 20 21 22 23 24 25 26 27 28 29 30 32 34 35 36 38
F106 7 8 10 11 12 13 14 15 16 17 18 19 20 21 22 23 24 25 26 27
inter3 inter4
na
norain
night night

358
F69 11 14 17 18 19 20 21 22 23 24 25 26 27 28 29 30 32 34 35 36 38
F109 15 17 18 20 21 22 23 24 25 26 27 28 29 30 31 32 33 34 35 36 37 38 39 40 41 42
inter3 inter4
na
norain
night night

359
F69 11 14 17 18 19 20 21 22 23 24 25 26 27 28 29 30 32 34 35 36 38
F110 13 15 16 17 18 19 20 21 22 23 24 25 26 27 28 29 30 31 32 33 34 35 36 37 38 39 40
inter3 inter4
na
norain
night night

361
F70 8 11 14 16 17 18 19 20 21 22 23 24 25 26 27 28 29 30 31 32
F102 19 22 24 25 27 28 30 31 32 33 34 35 36 37 38 39 40 41 42 43 44 45 46
inter3 inter4
na
bothrain
day day

362
F70 8 11 14 16 17 18 19 20 21 22 23 24 25 26 27 28 29 30 31 32
F103 16 19 20 21 22 24 26 27 28 29 30 31 32 33 34 35 36 37 38 39 40
inter3 inter4
na
rain
day evening

363
F70 8 11 14 16 17 18 19 20 21 22 23 24 25 26 27 28 29 30 31 32
F104 10 15 19 21 22 23 24 25 26 28 30 31 33 35 38 40 41 43 45 46
inter3 inter4
na
rain
day morning

364
F70 8 11 14 16 17 18 19 20 21 22 23 24 25 26 27 28 29 30 31 32
F105 8 10 11 12 13 14 15 16 17 18 19 20 21 22 23 24 25 26 27 28 29 30 31 32 33
inter3 inter4
na
rain
day morning

366
F70 8 11 14 16 17 18 19 20 21 22 23 24 25 26 27 28 29 30 31 32
F107 8 12 15 17 19 20 21 22 23 24 25 26 27 28 29 31 32 34 35 36 37 38 39 40
inter3 inter4
na
bothrain
day morning

367
F70 8 11 14 16 17 18 19 20 21 22 23 24 25 26 27 28 29 30 31 32
F108 8 10 12 13 14 15 16 17 18 19 20 21 22 23 24 25 26 27 28 29 30 31 32
inter3 inter4
na
rain
day day

370
F70 8 11 14 16 17 18 19 20 21 22 23 24 25 26 27 28 29 30 31 32
F111 8 10 12 14 15 16 17 18 19 20 21 22 23 24 25 26 27 28 29 30
inter3 inter4
na
rain
day morning

375
F71 13 17 20 21 25 26 27 30 33 34 35 37 38 39 40 42 44 45 46 47 48
F106 7 8 10 11 12 13 14 15 16 17 18 19 20 21 22 23 24 25 26 27
inter3 inter4
na
rain
night night

378
F71 13 17 20 21 25 26 27 30 33 34 35 37 38 39 40 42 44 45 46 47 48
F109 15 17 18 20 21 22 23 24 25 26 27 28 29 30 31 32 33 34 35 36 37 38 39 40 41 42
inter3 inter4
na
rain
night night

379
F71 13 17 20 21 25 26 27 30 33 34 35 37 38 39 40 42 44 45 46 47 48
F110 13 15 16 17 18 19 20 21 22 23 24 25 26 27 28 29 30 31 32 33 34 35 36 37 38 39 40
inter3 inter4
na
rain
night night

381
F72 12 14 16 18 19 20 21 22 23 24 25 26 27 28 29 30 31 32 33 34 35
F102 19 22 24 25 27 28 30 31 32 33 34 35 36 37 38 39 40 41 42 43 44 45 46
inter3 inter4
na
rain
day day

382
F72 12 14 16 18 19 20 21 22 23 24 25 26 27 28 29 30 31 32 33 34 35
F103 16 19 20 21 22 24 26 27 28 29 30 31 32 33 34 35 36 37 38 39 40
inter3 inter4
na
norain
day evening

383
F72 12 14 16 18 19 20 21 22 23 24 25 26 27 28 29 30 31 32 33 34 35
F104 10 15 19 21 22 23 24 25 26 28 30 31 33 35 38 40 41 43 45 46
inter3 inter4
na
norain
day morning

384
F72 12 14 16 18 19 20 21 22 23 24 25 26 27 28 29 30 31 32 33 34 35
F105 8 10 11 12 13 14 15 16 17 18 19 20 21 22 23 24 25 26 27 28 29 30 31 32 33
inter3 inter4
na
norain
day morning

386
F72 12 14 16 18 19 20 21 22 23 24 25 26 27 28 29 30 31 32 33 34 35
F107 8 12 15 17 19 20 21 22 23 24 25 26 27 28 29 31 32 34 35 36 37 38 39 40
inter3 inter4
na
rain
day morning

387
F72 12 14 16 18 19 20 21 22 23 24 25 26 27 28 29 30 31 32 33 34 35
F108 8 10 12 13 14 15 16 17 18 19 20 21 22 23 24 25 26 27 28 29 30 31 32
inter3 inter4
na
norain
day day

390
F72 12 14 16 18 19 20 21 22 23 24 25 26 27 28 29 30 31 32 33 34 35
F111 8 10 12 14 15 16 17 18 19 20 21 22 23 24 25 26 27 28 29 30
inter3 inter4
na
norain
day morning

391
F73 8 11 12 14 16 17 18 19 20 22 24 25 26 27 28 29 30 31 34 35 39 42
F102 19 22 24 25 27 28 30 31 32 33 34 35 36 37 38 39 40 41 42 43 44 45 46
inter4 inter4
na
rain
morning day

392
F73 8 11 12 14 16 17 18 19 20 22 24 25 26 27 28 29 30 31 34 35 39 42
F103 16 19 20 21 22 24 26 27 28 29 30 31 32 33 34 35 36 37 38 39 40
inter4 inter4
na
norain
morning evening

393
F73 8 11 12 14 16 17 18 19 20 22 24 25 26 27 28 29 30 31 34 35 39 42
F104 10 15 19 21 22 23 24 25 26 28 30 31 33 35 38 40 41 43 45 46
inter4 inter4
na
norain
morning morning

394
F73 8 11 12 14 16 17 18 19 20 22 24 25 26 27 28 29 30 31 34 35 39 42
F105 8 10 11 12 13 14 15 16 17 18 19 20 21 22 23 24 25 26 27 28 29 30 31 32 33
inter4 inter4
na
norain
morning morning

396
F73 8 11 12 14 16 17 18 19 20 22 24 25 26 27 28 29 30 31 34 35 39 42
F107 8 12 15 17 19 20 21 22 23 24 25 26 27 28 29 31 32 34 35 36 37 38 39 40
inter4 inter4
na
rain
morning morning

397
F73 8 11 12 14 16 17 18 19 20 22 24 25 26 27 28 29 30 31 34 35 39 42
F108 8 10 12 13 14 15 16 17 18 19 20 21 22 23 24 25 26 27 28 29 30 31 32
inter4 inter4
na
norain
morning day

400
F73 8 11 12 14 16 17 18 19 20 22 24 25 26 27 28 29 30 31 34 35 39 42
F111 8 10 12 14 15 16 17 18 19 20 21 22 23 24 25 26 27 28 29 30
inter4 inter4
na
norain
morning morning

405
F74 14 17 19 20 21 22 23 24 25 26 27 28 29 30 31 32 33 34 35 36 37
F106 7 8 10 11 12 13 14 15 16 17 18 19 20 21 22 23 24 25 26 27
inter4 inter4
na
rain
night night

408
F74 14 17 19 20 21 22 23 24 25 26 27 28 29 30 31 32 33 34 35 36 37
F109 15 17 18 20 21 22 23 24 25 26 27 28 29 30 31 32 33 34 35 36 37 38 39 40 41 42
inter4 inter4
na
rain
night night

409
F74 14 17 19 20 21 22 23 24 25 26 27 28 29 30 31 32 33 34 35 36 37
F110 13 15 16 17 18 19 20 21 22 23 24 25 26 27 28 29 30 31 32 33 34 35 36 37 38 39 40
inter4 inter4
na
rain
night night

411
F75 13 16 19 21 22 23 24 25 26 27 28 29 30 31 32 33 34 35 36 38 40 42
F102 19 22 24 25 27 28 30 31 32 33 34 35 36 37 38 39 40 41 42 43 44 45 46
inter4 inter4
na
rain
morning day

412
F75 13 16 19 21 22 23 24 25 26 27 28 29 30 31 32 33 34 35 36 38 40 42
F103 16 19 20 21 22 24 26 27 28 29 30 31 32 33 34 35 36 37 38 39 40
inter4 inter4
na
norain
morning evening

413
F75 13 16 19 21 22 23 24 25 26 27 28 29 30 31 32 33 34 35 36 38 40 42
F104 10 15 19 21 22 23 24 25 26 28 30 31 33 35 38 40 41 43 45 46
inter4 inter4
na
norain
morning morning

414
F75 13 16 19 21 22 23 24 25 26 27 28 29 30 31 32 33 34 35 36 38 40 42
F105 8 10 11 12 13 14 15 16 17 18 19 20 21 22 23 24 25 26 27 28 29 30 31 32 33
inter4 inter4
na
norain
morning morning

416
F75 13 16 19 21 22 23 24 25 26 27 28 29 30 31 32 33 34 35 36 38 40 42
F107 8 12 15 17 19 20 21 22 23 24 25 26 27 28 29 31 32 34 35 36 37 38 39 40
inter4 inter4
na
rain
morning morning

417
F75 13 16 19 21 22 23 24 25 26 27 28 29 30 31 32 33 34 35 36 38 40 42
F108 8 10 12 13 14 15 16 17 18 19 20 21 22 23 24 25 26 27 28 29 30 31 32
inter4 inter4
na
norain
morning day

420
F75 13 16 19 21 22 23 24 25 26 27 28 29 30 31 32 33 34 35 36 38 40 42
F111 8 10 12 14 15 16 17 18 19 20 21 22 23 24 25 26 27 28 29 30
inter4 inter4
na
norain
morning morning

421
F76 9 12 14 16 17 18 19 20 21 22 23 24 25 26 29 32 33 34 35 37 38
F102 19 22 24 25 27 28 30 31 32 33 34 35 36 37 38 39 40 41 42 43 44 45 46
inter4 inter4
na
rain
evening day

422
F76 9 12 14 16 17 18 19 20 21 22 23 24 25 26 29 32 33 34 35 37 38
F103 16 19 20 21 22 24 26 27 28 29 30 31 32 33 34 35 36 37 38 39 40
inter4 inter4
na
norain
evening evening

423
F76 9 12 14 16 17 18 19 20 21 22 23 24 25 26 29 32 33 34 35 37 38
F104 10 15 19 21 22 23 24 25 26 28 30 31 33 35 38 40 41 43 45 46
inter4 inter4
na
norain
evening morning

424
F76 9 12 14 16 17 18 19 20 21 22 23 24 25 26 29 32 33 34 35 37 38
F105 8 10 11 12 13 14 15 16 17 18 19 20 21 22 23 24 25 26 27 28 29 30 31 32 33
inter4 inter4
na
norain
evening morning

426
F76 9 12 14 16 17 18 19 20 21 22 23 24 25 26 29 32 33 34 35 37 38
F107 8 12 15 17 19 20 21 22 23 24 25 26 27 28 29 31 32 34 35 36 37 38 39 40
inter4 inter4
na
rain
evening morning

427
F76 9 12 14 16 17 18 19 20 21 22 23 24 25 26 29 32 33 34 35 37 38
F108 8 10 12 13 14 15 16 17 18 19 20 21 22 23 24 25 26 27 28 29 30 31 32
inter4 inter4
na
norain
evening day

430
F76 9 12 14 16 17 18 19 20 21 22 23 24 25 26 29 32 33 34 35 37 38
F111 8 10 12 14 15 16 17 18 19 20 21 22 23 24 25 26 27 28 29 30
inter4 inter4
na
norain
evening morning

431
F77 19 23 24 25 26 27 28 29 30 31 32 33 36 37 38 39 40 41 42 43 45 47 49 51 53
F102 19 22 24 25 27 28 30 31 32 33 34 35 36 37 38 39 40 41 42 43 44 45 46
inter4 inter4
na
rain
day day

432
F77 19 23 24 25 26 27 28 29 30 31 32 33 36 37 38 39 40 41 42 43 45 47 49 51 53
F103 16 19 20 21 22 24 26 27 28 29 30 31 32 33 34 35 36 37 38 39 40
inter4 inter4
na
norain
day evening

433
F77 19 23 24 25 26 27 28 29 30 31 32 33 36 37 38 39 40 41 42 43 45 47 49 51 53
F104 10 15 19 21 22 23 24 25 26 28 30 31 33 35 38 40 41 43 45 46
inter4 inter4
na
norain
day morning

434
F77 19 23 24 25 26 27 28 29 30 31 32 33 36 37 38 39 40 41 42 43 45 47 49 51 53
F105 8 10 11 12 13 14 15 16 17 18 19 20 21 22 23 24 25 26 27 28 29 30 31 32 33
inter4 inter4
na
norain
day morning

436
F77 19 23 24 25 26 27 28 29 30 31 32 33 36 37 38 39 40 41 42 43 45 47 49 51 53
F107 8 12 15 17 19 20 21 22 23 24 25 26 27 28 29 31 32 34 35 36 37 38 39 40
inter4 inter4
na
rain
day morning

437
F77 19 23 24 25 26 27 28 29 30 31 32 33 36 37 38 39 40 41 42 43 45 47 49 51 53
F108 8 10 12 13 14 15 16 17 18 19 20 21 22 23 24 25 26 27 28 29 30 31 32
inter4 inter4
na
norain
day day

440
F77 19 23 24 25 26 27 28 29 30 31 32 33 36 37 38 39 40 41 42 43 45 47 49 51 53
F111 8 10 12 14 15 16 17 18 19 20 21 22 23 24 25 26 27 28 29 30
inter4 inter4
na
norain
day morning

441
F78 3 6 8 10 11 12 13 14 15 16 17 18 19 20 21 22 23 24 25 26 27
F102 19 22 24 25 27 28 30 31 32 33 34 35 36 37 38 39 40 41 42 43 44 45 46
inter4 inter4
na
rain
day day

442
F78 3 6 8 10 11 12 13 14 15 16 17 18 19 20 21 22 23 24 25 26 27
F103 16 19 20 21 22 24 26 27 28 29 30 31 32 33 34 35 36 37 38 39 40
inter4 inter4
na
norain
day evening

443
F78 3 6 8 10 11 12 13 14 15 16 17 18 19 20 21 22 23 24 25 26 27
F104 10 15 19 21 22 23 24 25 26 28 30 31 33 35 38 40 41 43 45 46
inter4 inter4
na
norain
day morning

444
F78 3 6 8 10 11 12 13 14 15 16 17 18 19 20 21 22 23 24 25 26 27
F105 8 10 11 12 13 14 15 16 17 18 19 20 21 22 23 24 25 26 27 28 29 30 31 32 33
inter4 inter4
na
norain
day morning

446
F78 3 6 8 10 11 12 13 14 15 16 17 18 19 20 21 22 23 24 25 26 27
F107 8 12 15 17 19 20 21 22 23 24 25 26 27 28 29 31 32 34 35 36 37 38 39 40
inter4 inter4
na
rain
day morning

447
F78 3 6 8 10 11 12 13 14 15 16 17 18 19 20 21 22 23 24 25 26 27
F108 8 10 12 13 14 15 16 17 18 19 20 21 22 23 24 25 26 27 28 29 30 31 32
inter4 inter4
na
norain
day day

450
F78 3 6 8 10 11 12 13 14 15 16 17 18 19 20 21 22 23 24 25 26 27
F111 8 10 12 14 15 16 17 18 19 20 21 22 23 24 25 26 27 28 29 30
inter4 inter4
na
norain
day morning

455
F79 6 10 14 17 18 20 21 22 23 25 27 29 31 32 35 36 37 40 41 42
F106 7 8 10 11 12 13 14 15 16 17 18 19 20 21 22 23 24 25 26 27
inter4 inter4
na
norain
night night

458
F79 6 10 14 17 18 20 21 22 23 25 27 29 31 32 35 36 37 40 41 42
F109 15 17 18 20 21 22 23 24 25 26 27 28 29 30 31 32 33 34 35 36 37 38 39 40 41 42
inter4 inter4
na
norain
night night

459
F79 6 10 14 17 18 20 21 22 23 25 27 29 31 32 35 36 37 40 41 42
F110 13 15 16 17 18 19 20 21 22 23 24 25 26 27 28 29 30 31 32 33 34 35 36 37 38 39 40
inter4 inter4
na
norain
night night

461
F80 13 16 19 21 22 24 26 28 30 31 32 34 36 37 38 39 41 43 46 49
F102 19 22 24 25 27 28 30 31 32 33 34 35 36 37 38 39 40 41 42 43 44 45 46
inter4 inter4
na
rain
day day

462
F80 13 16 19 21 22 24 26 28 30 31 32 34 36 37 38 39 41 43 46 49
F103 16 19 20 21 22 24 26 27 28 29 30 31 32 33 34 35 36 37 38 39 40
inter4 inter4
na
norain
day evening

463
F80 13 16 19 21 22 24 26 28 30 31 32 34 36 37 38 39 41 43 46 49
F104 10 15 19 21 22 23 24 25 26 28 30 31 33 35 38 40 41 43 45 46
inter4 inter4
na
norain
day morning

464
F80 13 16 19 21 22 24 26 28 30 31 32 34 36 37 38 39 41 43 46 49
F105 8 10 11 12 13 14 15 16 17 18 19 20 21 22 23 24 25 26 27 28 29 30 31 32 33
inter4 inter4
na
norain
day morning

466
F80 13 16 19 21 22 24 26 28 30 31 32 34 36 37 38 39 41 43 46 49
F107 8 12 15 17 19 20 21 22 23 24 25 26 27 28 29 31 32 34 35 36 37 38 39 40
inter4 inter4
na
rain
day morning

467
F80 13 16 19 21 22 24 26 28 30 31 32 34 36 37 38 39 41 43 46 49
F108 8 10 12 13 14 15 16 17 18 19 20 21 22 23 24 25 26 27 28 29 30 31 32
inter4 inter4
na
norain
day day

470
F80 13 16 19 21 22 24 26 28 30 31 32 34 36 37 38 39 41 43 46 49
F111 8 10 12 14 15 16 17 18 19 20 21 22 23 24 25 26 27 28 29 30
inter4 inter4
na
norain
day morning

475
F81 15 17 19 21 23 26 27 28 29 30 31 32 33 34 35 36 39 40 41 43 45 46
F106 7 8 10 11 12 13 14 15 16 17 18 19 20 21 22 23 24 25 26 27
inter4 inter4
na
norain
night night

478
F81 15 17 19 21 23 26 27 28 29 30 31 32 33 34 35 36 39 40 41 43 45 46
F109 15 17 18 20 21 22 23 24 25 26 27 28 29 30 31 32 33 34 35 36 37 38 39 40 41 42
inter4 inter4
na
norain
night night

479
F81 15 17 19 21 23 26 27 28 29 30 31 32 33 34 35 36 39 40 41 43 45 46
F110 13 15 16 17 18 19 20 21 22 23 24 25 26 27 28 29 30 31 32 33 34 35 36 37 38 39 40
inter4 inter4
na
norain
night night

481
F82 12 15 17 18 19 20 21 22 24 25 26 28 31 33 34 35 36 38 40 41 42
F102 19 22 24 25 27 28 30 31 32 33 34 35 36 37 38 39 40 41 42 43 44 45 46
inter4 inter4
na
rain
day day

482
F82 12 15 17 18 19 20 21 22 24 25 26 28 31 33 34 35 36 38 40 41 42
F103 16 19 20 21 22 24 26 27 28 29 30 31 32 33 34 35 36 37 38 39 40
inter4 inter4
na
norain
day evening

483
F82 12 15 17 18 19 20 21 22 24 25 26 28 31 33 34 35 36 38 40 41 42
F104 10 15 19 21 22 23 24 25 26 28 30 31 33 35 38 40 41 43 45 46
inter4 inter4
na
norain
day morning

484
F82 12 15 17 18 19 20 21 22 24 25 26 28 31 33 34 35 36 38 40 41 42
F105 8 10 11 12 13 14 15 16 17 18 19 20 21 22 23 24 25 26 27 28 29 30 31 32 33
inter4 inter4
na
norain
day morning

486
F82 12 15 17 18 19 20 21 22 24 25 26 28 31 33 34 35 36 38 40 41 42
F107 8 12 15 17 19 20 21 22 23 24 25 26 27 28 29 31 32 34 35 36 37 38 39 40
inter4 inter4
na
rain
day morning

487
F82 12 15 17 18 19 20 21 22 24 25 26 28 31 33 34 35 36 38 40 41 42
F108 8 10 12 13 14 15 16 17 18 19 20 21 22 23 24 25 26 27 28 29 30 31 32
inter4 inter4
na
norain
day day

490
F82 12 15 17 18 19 20 21 22 24 25 26 28 31 33 34 35 36 38 40 41 42
F111 8 10 12 14 15 16 17 18 19 20 21 22 23 24 25 26 27 28 29 30
inter4 inter4
na
norain
day morning

495
F83 14 16 17 18 20 21 22 23 24 25 26 27 28 29 32 34 35 37 38 39
F106 7 8 10 11 12 13 14 15 16 17 18 19 20 21 22 23 24 25 26 27
inter4 inter4
na
norain
night night

498
F83 14 16 17 18 20 21 22 23 24 25 26 27 28 29 32 34 35 37 38 39
F109 15 17 18 20 21 22 23 24 25 26 27 28 29 30 31 32 33 34 35 36 37 38 39 40 41 42
inter4 inter4
na
norain
night night

499
F83 14 16 17 18 20 21 22 23 24 25 26 27 28 29 32 34 35 37 38 39
F110 13 15 16 17 18 19 20 21 22 23 24 25 26 27 28 29 30 31 32 33 34 35 36 37 38 39 40
inter4 inter4
na
norain
night night

501
F84 11 15 17 19 21 22 23 24 25 26 27 30 31 32 33 34 35 36 37 38
F102 19 22 24 25 27 28 30 31 32 33 34 35 36 37 38 39 40 41 42 43 44 45 46
inter4 inter4
na
rain
day day

502
F84 11 15 17 19 21 22 23 24 25 26 27 30 31 32 33 34 35 36 37 38
F103 16 19 20 21 22 24 26 27 28 29 30 31 32 33 34 35 36 37 38 39 40
inter4 inter4
na
norain
day evening

503
F84 11 15 17 19 21 22 23 24 25 26 27 30 31 32 33 34 35 36 37 38
F104 10 15 19 21 22 23 24 25 26 28 30 31 33 35 38 40 41 43 45 46
inter4 inter4
na
norain
day morning

504
F84 11 15 17 19 21 22 23 24 25 26 27 30 31 32 33 34 35 36 37 38
F105 8 10 11 12 13 14 15 16 17 18 19 20 21 22 23 24 25 26 27 28 29 30 31 32 33
inter4 inter4
na
norain
day morning

506
F84 11 15 17 19 21 22 23 24 25 26 27 30 31 32 33 34 35 36 37 38
F107 8 12 15 17 19 20 21 22 23 24 25 26 27 28 29 31 32 34 35 36 37 38 39 40
inter4 inter4
na
rain
day morning

507
F84 11 15 17 19 21 22 23 24 25 26 27 30 31 32 33 34 35 36 37 38
F108 8 10 12 13 14 15 16 17 18 19 20 21 22 23 24 25 26 27 28 29 30 31 32
inter4 inter4
na
norain
day day

510
F84 11 15 17 19 21 22 23 24 25 26 27 30 31 32 33 34 35 36 37 38
F111 8 10 12 14 15 16 17 18 19 20 21 22 23 24 25 26 27 28 29 30
inter4 inter4
na
norain
day morning

515
F85 16 20 23 26 27 29 30 31 32 33 34 35 37 40 41 42 43 44 45 47 48
F106 7 8 10 11 12 13 14 15 16 17 18 19 20 21 22 23 24 25 26 27
inter4 inter4
na
norain
night night

518
F85 16 20 23 26 27 29 30 31 32 33 34 35 37 40 41 42 43 44 45 47 48
F109 15 17 18 20 21 22 23 24 25 26 27 28 29 30 31 32 33 34 35 36 37 38 39 40 41 42
inter4 inter4
na
norain
night night

519
F85 16 20 23 26 27 29 30 31 32 33 34 35 37 40 41 42 43 44 45 47 48
F110 13 15 16 17 18 19 20 21 22 23 24 25 26 27 28 29 30 31 32 33 34 35 36 37 38 39 40
inter4 inter4
na
norain
night night

521
F86 15 18 21 23 24 25 26 27 28 29 30 31 32 33 35 36 37 38 39 40 41
F102 19 22 24 25 27 28 30 31 32 33 34 35 36 37 38 39 40 41 42 43 44 45 46
inter4 inter4
na
rain
morning day

522
F86 15 18 21 23 24 25 26 27 28 29 30 31 32 33 35 36 37 38 39 40 41
F103 16 19 20 21 22 24 26 27 28 29 30 31 32 33 34 35 36 37 38 39 40
inter4 inter4
na
norain
morning evening

523
F86 15 18 21 23 24 25 26 27 28 29 30 31 32 33 35 36 37 38 39 40 41
F104 10 15 19 21 22 23 24 25 26 28 30 31 33 35 38 40 41 43 45 46
inter4 inter4
na
norain
morning morning

524
F86 15 18 21 23 24 25 26 27 28 29 30 31 32 33 35 36 37 38 39 40 41
F105 8 10 11 12 13 14 15 16 17 18 19 20 21 22 23 24 25 26 27 28 29 30 31 32 33
inter4 inter4
na
norain
morning morning

526
F86 15 18 21 23 24 25 26 27 28 29 30 31 32 33 35 36 37 38 39 40 41
F107 8 12 15 17 19 20 21 22 23 24 25 26 27 28 29 31 32 34 35 36 37 38 39 40
inter4 inter4
na
rain
morning morning

527
F86 15 18 21 23 24 25 26 27 28 29 30 31 32 33 35 36 37 38 39 40 41
F108 8 10 12 13 14 15 16 17 18 19 20 21 22 23 24 25 26 27 28 29 30 31 32
inter4 inter4
na
norain
morning day

530
F86 15 18 21 23 24 25 26 27 28 29 30 31 32 33 35 36 37 38 39 40 41
F111 8 10 12 14 15 16 17 18 19 20 21 22 23 24 25 26 27 28 29 30
inter4 inter4
na
norain
morning morning

535
F87 16 19 21 22 24 25 27 28 29 30 31 32 33 34 35 36 37 38 39 40 41 42
F106 7 8 10 11 12 13 14 15 16 17 18 19 20 21 22 23 24 25 26 27
inter4 inter4
na
norain
night night

538
F87 16 19 21 22 24 25 27 28 29 30 31 32 33 34 35 36 37 38 39 40 41 42
F109 15 17 18 20 21 22 23 24 25 26 27 28 29 30 31 32 33 34 35 36 37 38 39 40 41 42
inter4 inter4
na
norain
night night

539
F87 16 19 21 22 24 25 27 28 29 30 31 32 33 34 35 36 37 38 39 40 41 42
F110 13 15 16 17 18 19 20 21 22 23 24 25 26 27 28 29 30 31 32 33 34 35 36 37 38 39 40
inter4 inter4
na
norain
night night

541
F88 14 16 18 19 21 22 23 24 25 27 28 29 30 31 32 33 34 36 37 38 39
F102 19 22 24 25 27 28 30 31 32 33 34 35 36 37 38 39 40 41 42 43 44 45 46
inter4 inter4
na
bothrain
day day

542
F88 14 16 18 19 21 22 23 24 25 27 28 29 30 31 32 33 34 36 37 38 39
F103 16 19 20 21 22 24 26 27 28 29 30 31 32 33 34 35 36 37 38 39 40
inter4 inter4
na
rain
day evening

543
F88 14 16 18 19 21 22 23 24 25 27 28 29 30 31 32 33 34 36 37 38 39
F104 10 15 19 21 22 23 24 25 26 28 30 31 33 35 38 40 41 43 45 46
inter4 inter4
na
rain
day morning

544
F88 14 16 18 19 21 22 23 24 25 27 28 29 30 31 32 33 34 36 37 38 39
F105 8 10 11 12 13 14 15 16 17 18 19 20 21 22 23 24 25 26 27 28 29 30 31 32 33
inter4 inter4
na
rain
day morning

546
F88 14 16 18 19 21 22 23 24 25 27 28 29 30 31 32 33 34 36 37 38 39
F107 8 12 15 17 19 20 21 22 23 24 25 26 27 28 29 31 32 34 35 36 37 38 39 40
inter4 inter4
na
bothrain
day morning

547
F88 14 16 18 19 21 22 23 24 25 27 28 29 30 31 32 33 34 36 37 38 39
F108 8 10 12 13 14 15 16 17 18 19 20 21 22 23 24 25 26 27 28 29 30 31 32
inter4 inter4
na
rain
day day

550
F88 14 16 18 19 21 22 23 24 25 27 28 29 30 31 32 33 34 36 37 38 39
F111 8 10 12 14 15 16 17 18 19 20 21 22 23 24 25 26 27 28 29 30
inter4 inter4
na
rain
day morning

551
F89 16 18 19 20 21 22 23 24 26 27 28 29 30 31 32 33 34 35 36 37 38
F102 19 22 24 25 27 28 30 31 32 33 34 35 36 37 38 39 40 41 42 43 44 45 46
inter4 inter4
na
rain
evening day

552
F89 16 18 19 20 21 22 23 24 26 27 28 29 30 31 32 33 34 35 36 37 38
F103 16 19 20 21 22 24 26 27 28 29 30 31 32 33 34 35 36 37 38 39 40
inter4 inter4
na
norain
evening evening

553
F89 16 18 19 20 21 22 23 24 26 27 28 29 30 31 32 33 34 35 36 37 38
F104 10 15 19 21 22 23 24 25 26 28 30 31 33 35 38 40 41 43 45 46
inter4 inter4
na
norain
evening morning

554
F89 16 18 19 20 21 22 23 24 26 27 28 29 30 31 32 33 34 35 36 37 38
F105 8 10 11 12 13 14 15 16 17 18 19 20 21 22 23 24 25 26 27 28 29 30 31 32 33
inter4 inter4
na
norain
evening morning

556
F89 16 18 19 20 21 22 23 24 26 27 28 29 30 31 32 33 34 35 36 37 38
F107 8 12 15 17 19 20 21 22 23 24 25 26 27 28 29 31 32 34 35 36 37 38 39 40
inter4 inter4
na
rain
evening morning

557
F89 16 18 19 20 21 22 23 24 26 27 28 29 30 31 32 33 34 35 36 37 38
F108 8 10 12 13 14 15 16 17 18 19 20 21 22 23 24 25 26 27 28 29 30 31 32
inter4 inter4
na
norain
evening day

560
F89 16 18 19 20 21 22 23 24 26 27 28 29 30 31 32 33 34 35 36 37 38
F111 8 10 12 14 15 16 17 18 19 20 21 22 23 24 25 26 27 28 29 30
inter4 inter4
na
norain
evening morning

561
F90 8 10 13 16 17 19 20 23 24 27 28 30 32 33 34 35 36 37 38 39 40 41 42
F102 19 22 24 25 27 28 30 31 32 33 34 35 36 37 38 39 40 41 42 43 44 45 46
inter4 inter4
na
bothrain
day day

562
F90 8 10 13 16 17 19 20 23 24 27 28 30 32 33 34 35 36 37 38 39 40 41 42
F103 16 19 20 21 22 24 26 27 28 29 30 31 32 33 34 35 36 37 38 39 40
inter4 inter4
na
rain
day evening

563
F90 8 10 13 16 17 19 20 23 24 27 28 30 32 33 34 35 36 37 38 39 40 41 42
F104 10 15 19 21 22 23 24 25 26 28 30 31 33 35 38 40 41 43 45 46
inter4 inter4
na
rain
day morning

564
F90 8 10 13 16 17 19 20 23 24 27 28 30 32 33 34 35 36 37 38 39 40 41 42
F105 8 10 11 12 13 14 15 16 17 18 19 20 21 22 23 24 25 26 27 28 29 30 31 32 33
inter4 inter4
na
rain
day morning

566
F90 8 10 13 16 17 19 20 23 24 27 28 30 32 33 34 35 36 37 38 39 40 41 42
F107 8 12 15 17 19 20 21 22 23 24 25 26 27 28 29 31 32 34 35 36 37 38 39 40
inter4 inter4
na
bothrain
day morning

567
F90 8 10 13 16 17 19 20 23 24 27 28 30 32 33 34 35 36 37 38 39 40 41 42
F108 8 10 12 13 14 15 16 17 18 19 20 21 22 23 24 25 26 27 28 29 30 31 32
inter4 inter4
na
rain
day day

570
F90 8 10 13 16 17 19 20 23 24 27 28 30 32 33 34 35 36 37 38 39 40 41 42
F111 8 10 12 14 15 16 17 18 19 20 21 22 23 24 25 26 27 28 29 30
inter4 inter4
na
rain
day morning

575
F91 16 20 23 26 29 30 32 33 35 37 39 40 41 42 43 44 45 46 47 48 50 51 52 54 55
F106 7 8 10 11 12 13 14 15 16 17 18 19 20 21 22 23 24 25 26 27
inter4 inter4
na
norain
night night

578
F91 16 20 23 26 29 30 32 33 35 37 39 40 41 42 43 44 45 46 47 48 50 51 52 54 55
F109 15 17 18 20 21 22 23 24 25 26 27 28 29 30 31 32 33 34 35 36 37 38 39 40 41 42
inter4 inter4
na
norain
night night

579
F91 16 20 23 26 29 30 32 33 35 37 39 40 41 42 43 44 45 46 47 48 50 51 52 54 55
F110 13 15 16 17 18 19 20 21 22 23 24 25 26 27 28 29 30 31 32 33 34 35 36 37 38 39 40
inter4 inter4
na
norain
night night

581
F92 10 14 17 18 19 20 21 22 23 24 25 26 27 28 29 30 31 32 33 34 35
F102 19 22 24 25 27 28 30 31 32 33 34 35 36 37 38 39 40 41 42 43 44 45 46
inter4 inter4
na
rain
day day

582
F92 10 14 17 18 19 20 21 22 23 24 25 26 27 28 29 30 31 32 33 34 35
F103 16 19 20 21 22 24 26 27 28 29 30 31 32 33 34 35 36 37 38 39 40
inter4 inter4
na
norain
day evening

583
F92 10 14 17 18 19 20 21 22 23 24 25 26 27 28 29 30 31 32 33 34 35
F104 10 15 19 21 22 23 24 25 26 28 30 31 33 35 38 40 41 43 45 46
inter4 inter4
na
norain
day morning

584
F92 10 14 17 18 19 20 21 22 23 24 25 26 27 28 29 30 31 32 33 34 35
F105 8 10 11 12 13 14 15 16 17 18 19 20 21 22 23 24 25 26 27 28 29 30 31 32 33
inter4 inter4
na
norain
day morning

586
F92 10 14 17 18 19 20 21 22 23 24 25 26 27 28 29 30 31 32 33 34 35
F107 8 12 15 17 19 20 21 22 23 24 25 26 27 28 29 31 32 34 35 36 37 38 39 40
inter4 inter4
na
rain
day morning

587
F92 10 14 17 18 19 20 21 22 23 24 25 26 27 28 29 30 31 32 33 34 35
F108 8 10 12 13 14 15 16 17 18 19 20 21 22 23 24 25 26 27 28 29 30 31 32
inter4 inter4
na
norain
day day

590
F92 10 14 17 18 19 20 21 22 23 24 25 26 27 28 29 30 31 32 33 34 35
F111 8 10 12 14 15 16 17 18 19 20 21 22 23 24 25 26 27 28 29 30
inter4 inter4
na
norain
day morning

591
F93 5 9 12 13 14 15 16 17 18 19 20 21 22 23 24 25 26 27 28 29 30
F102 19 22 24 25 27 28 30 31 32 33 34 35 36 37 38 39 40 41 42 43 44 45 46
inter4 inter4
na
rain
evening day

592
F93 5 9 12 13 14 15 16 17 18 19 20 21 22 23 24 25 26 27 28 29 30
F103 16 19 20 21 22 24 26 27 28 29 30 31 32 33 34 35 36 37 38 39 40
inter4 inter4
na
norain
evening evening

593
F93 5 9 12 13 14 15 16 17 18 19 20 21 22 23 24 25 26 27 28 29 30
F104 10 15 19 21 22 23 24 25 26 28 30 31 33 35 38 40 41 43 45 46
inter4 inter4
na
norain
evening morning

594
F93 5 9 12 13 14 15 16 17 18 19 20 21 22 23 24 25 26 27 28 29 30
F105 8 10 11 12 13 14 15 16 17 18 19 20 21 22 23 24 25 26 27 28 29 30 31 32 33
inter4 inter4
na
norain
evening morning

596
F93 5 9 12 13 14 15 16 17 18 19 20 21 22 23 24 25 26 27 28 29 30
F107 8 12 15 17 19 20 21 22 23 24 25 26 27 28 29 31 32 34 35 36 37 38 39 40
inter4 inter4
na
rain
evening morning

597
F93 5 9 12 13 14 15 16 17 18 19 20 21 22 23 24 25 26 27 28 29 30
F108 8 10 12 13 14 15 16 17 18 19 20 21 22 23 24 25 26 27 28 29 30 31 32
inter4 inter4
na
norain
evening day

600
F93 5 9 12 13 14 15 16 17 18 19 20 21 22 23 24 25 26 27 28 29 30
F111 8 10 12 14 15 16 17 18 19 20 21 22 23 24 25 26 27 28 29 30
inter4 inter4
na
norain
evening morning

605
F94 1 2 3 4 5 6 7 8 9 10 11 12 13 14 15 16 17 18 19 20
F106 7 8 10 11 12 13 14 15 16 17 18 19 20 21 22 23 24 25 26 27
inter4 inter4
na
rain
night night

608
F94 1 2 3 4 5 6 7 8 9 10 11 12 13 14 15 16 17 18 19 20
F109 15 17 18 20 21 22 23 24 25 26 27 28 29 30 31 32 33 34 35 36 37 38 39 40 41 42
inter4 inter4
na
rain
night night

609
F94 1 2 3 4 5 6 7 8 9 10 11 12 13 14 15 16 17 18 19 20
F110 13 15 16 17 18 19 20 21 22 23 24 25 26 27 28 29 30 31 32 33 34 35 36 37 38 39 40
inter4 inter4
na
rain
night night

611
F95 7 10 13 15 16 17 18 19 20 21 22 23 24 25 26 27 28 29 30 31 32
F102 19 22 24 25 27 28 30 31 32 33 34 35 36 37 38 39 40 41 42 43 44 45 46
inter4 inter4
na
rain
day day

612
F95 7 10 13 15 16 17 18 19 20 21 22 23 24 25 26 27 28 29 30 31 32
F103 16 19 20 21 22 24 26 27 28 29 30 31 32 33 34 35 36 37 38 39 40
inter4 inter4
na
norain
day evening

613
F95 7 10 13 15 16 17 18 19 20 21 22 23 24 25 26 27 28 29 30 31 32
F104 10 15 19 21 22 23 24 25 26 28 30 31 33 35 38 40 41 43 45 46
inter4 inter4
na
norain
day morning

614
F95 7 10 13 15 16 17 18 19 20 21 22 23 24 25 26 27 28 29 30 31 32
F105 8 10 11 12 13 14 15 16 17 18 19 20 21 22 23 24 25 26 27 28 29 30 31 32 33
inter4 inter4
na
norain
day morning

616
F95 7 10 13 15 16 17 18 19 20 21 22 23 24 25 26 27 28 29 30 31 32
F107 8 12 15 17 19 20 21 22 23 24 25 26 27 28 29 31 32 34 35 36 37 38 39 40
inter4 inter4
na
rain
day morning

617
F95 7 10 13 15 16 17 18 19 20 21 22 23 24 25 26 27 28 29 30 31 32
F108 8 10 12 13 14 15 16 17 18 19 20 21 22 23 24 25 26 27 28 29 30 31 32
inter4 inter4
na
norain
day day

620
F95 7 10 13 15 16 17 18 19 20 21 22 23 24 25 26 27 28 29 30 31 32
F111 8 10 12 14 15 16 17 18 19 20 21 22 23 24 25 26 27 28 29 30
inter4 inter4
na
norain
day morning

621
F96 16 18 19 20 21 22 23 24 25 26 27 28 29 30 31 32 33 34 35 36 37 38
F102 19 22 24 25 27 28 30 31 32 33 34 35 36 37 38 39 40 41 42 43 44 45 46
inter4 inter4
na
rain
day day

622
F96 16 18 19 20 21 22 23 24 25 26 27 28 29 30 31 32 33 34 35 36 37 38
F103 16 19 20 21 22 24 26 27 28 29 30 31 32 33 34 35 36 37 38 39 40
inter4 inter4
na
norain
day evening

623
F96 16 18 19 20 21 22 23 24 25 26 27 28 29 30 31 32 33 34 35 36 37 38
F104 10 15 19 21 22 23 24 25 26 28 30 31 33 35 38 40 41 43 45 46
inter4 inter4
na
norain
day morning

624
F96 16 18 19 20 21 22 23 24 25 26 27 28 29 30 31 32 33 34 35 36 37 38
F105 8 10 11 12 13 14 15 16 17 18 19 20 21 22 23 24 25 26 27 28 29 30 31 32 33
inter4 inter4
na
norain
day morning

626
F96 16 18 19 20 21 22 23 24 25 26 27 28 29 30 31 32 33 34 35 36 37 38
F107 8 12 15 17 19 20 21 22 23 24 25 26 27 28 29 31 32 34 35 36 37 38 39 40
inter4 inter4
na
rain
day morning

627
F96 16 18 19 20 21 22 23 24 25 26 27 28 29 30 31 32 33 34 35 36 37 38
F108 8 10 12 13 14 15 16 17 18 19 20 21 22 23 24 25 26 27 28 29 30 31 32
inter4 inter4
na
norain
day day

630
F96 16 18 19 20 21 22 23 24 25 26 27 28 29 30 31 32 33 34 35 36 37 38
F111 8 10 12 14 15 16 17 18 19 20 21 22 23 24 25 26 27 28 29 30
inter4 inter4
na
norain
day morning

635
F97 13 14 15 16 17 18 19 20 21 22 23 24 25 26 27 28 29 30 31 32
F106 7 8 10 11 12 13 14 15 16 17 18 19 20 21 22 23 24 25 26 27
inter4 inter4
na
norain
night night

638
F97 13 14 15 16 17 18 19 20 21 22 23 24 25 26 27 28 29 30 31 32
F109 15 17 18 20 21 22 23 24 25 26 27 28 29 30 31 32 33 34 35 36 37 38 39 40 41 42
inter4 inter4
na
norain
night night

639
F97 13 14 15 16 17 18 19 20 21 22 23 24 25 26 27 28 29 30 31 32
F110 13 15 16 17 18 19 20 21 22 23 24 25 26 27 28 29 30 31 32 33 34 35 36 37 38 39 40
inter4 inter4
na
norain
night night

641
F98 11 13 15 16 17 18 19 20 21 22 23 24 25 26 27 28 29 30 31 32
F102 19 22 24 25 27 28 30 31 32 33 34 35 36 37 38 39 40 41 42 43 44 45 46
inter4 inter4
na
rain
day day

642
F98 11 13 15 16 17 18 19 20 21 22 23 24 25 26 27 28 29 30 31 32
F103 16 19 20 21 22 24 26 27 28 29 30 31 32 33 34 35 36 37 38 39 40
inter4 inter4
na
norain
day evening

643
F98 11 13 15 16 17 18 19 20 21 22 23 24 25 26 27 28 29 30 31 32
F104 10 15 19 21 22 23 24 25 26 28 30 31 33 35 38 40 41 43 45 46
inter4 inter4
na
norain
day morning

644
F98 11 13 15 16 17 18 19 20 21 22 23 24 25 26 27 28 29 30 31 32
F105 8 10 11 12 13 14 15 16 17 18 19 20 21 22 23 24 25 26 27 28 29 30 31 32 33
inter4 inter4
na
norain
day morning

646
F98 11 13 15 16 17 18 19 20 21 22 23 24 25 26 27 28 29 30 31 32
F107 8 12 15 17 19 20 21 22 23 24 25 26 27 28 29 31 32 34 35 36 37 38 39 40
inter4 inter4
na
rain
day morning

647
F98 11 13 15 16 17 18 19 20 21 22 23 24 25 26 27 28 29 30 31 32
F108 8 10 12 13 14 15 16 17 18 19 20 21 22 23 24 25 26 27 28 29 30 31 32
inter4 inter4
na
norain
day day

650
F98 11 13 15 16 17 18 19 20 21 22 23 24 25 26 27 28 29 30 31 32
F111 8 10 12 14 15 16 17 18 19 20 21 22 23 24 25 26 27 28 29 30
inter4 inter4
na
norain
day morning

655
F99 13 14 15 16 17 18 19 20 21 22 23 24 25 26 27 28 29 30
F106 7 8 10 11 12 13 14 15 16 17 18 19 20 21 22 23 24 25 26 27
inter4 inter4
na
norain
night night

658
F99 13 14 15 16 17 18 19 20 21 22 23 24 25 26 27 28 29 30
F109 15 17 18 20 21 22 23 24 25 26 27 28 29 30 31 32 33 34 35 36 37 38 39 40 41 42
inter4 inter4
na
norain
night night

659
F99 13 14 15 16 17 18 19 20 21 22 23 24 25 26 27 28 29 30
F110 13 15 16 17 18 19 20 21 22 23 24 25 26 27 28 29 30 31 32 33 34 35 36 37 38 39 40
inter4 inter4
na
norain
night night

661
F100 14 18 22 23 24 25 26 27 28 29 30 31 32 33 34 35 36
F102 19 22 24 25 27 28 30 31 32 33 34 35 36 37 38 39 40 41 42 43 44 45 46
inter4 inter4
na
bothrain
day day

662
F100 14 18 22 23 24 25 26 27 28 29 30 31 32 33 34 35 36
F103 16 19 20 21 22 24 26 27 28 29 30 31 32 33 34 35 36 37 38 39 40
inter4 inter4
na
rain
day evening

663
F100 14 18 22 23 24 25 26 27 28 29 30 31 32 33 34 35 36
F104 10 15 19 21 22 23 24 25 26 28 30 31 33 35 38 40 41 43 45 46
inter4 inter4
na
rain
day morning

664
F100 14 18 22 23 24 25 26 27 28 29 30 31 32 33 34 35 36
F105 8 10 11 12 13 14 15 16 17 18 19 20 21 22 23 24 25 26 27 28 29 30 31 32 33
inter4 inter4
na
rain
day morning

666
F100 14 18 22 23 24 25 26 27 28 29 30 31 32 33 34 35 36
F107 8 12 15 17 19 20 21 22 23 24 25 26 27 28 29 31 32 34 35 36 37 38 39 40
inter4 inter4
na
bothrain
day morning

667
F100 14 18 22 23 24 25 26 27 28 29 30 31 32 33 34 35 36
F108 8 10 12 13 14 15 16 17 18 19 20 21 22 23 24 25 26 27 28 29 30 31 32
inter4 inter4
na
rain
day day

670
F100 14 18 22 23 24 25 26 27 28 29 30 31 32 33 34 35 36
F111 8 10 12 14 15 16 17 18 19 20 21 22 23 24 25 26 27 28 29 30
inter4 inter4
na
rain
day morning

671
F101 22 24 25 26 27 28 29 30 31 32 33 34 35 36 37 38 39 40 41
F102 19 22 24 25 27 28 30 31 32 33 34 35 36 37 38 39 40 41 42 43 44 45 46
inter4 inter4
na
rain
morning day

672
F101 22 24 25 26 27 28 29 30 31 32 33 34 35 36 37 38 39 40 41
F103 16 19 20 21 22 24 26 27 28 29 30 31 32 33 34 35 36 37 38 39 40
inter4 inter4
na
norain
morning evening

673
F101 22 24 25 26 27 28 29 30 31 32 33 34 35 36 37 38 39 40 41
F104 10 15 19 21 22 23 24 25 26 28 30 31 33 35 38 40 41 43 45 46
inter4 inter4
na
norain
morning morning

674
F101 22 24 25 26 27 28 29 30 31 32 33 34 35 36 37 38 39 40 41
F105 8 10 11 12 13 14 15 16 17 18 19 20 21 22 23 24 25 26 27 28 29 30 31 32 33
inter4 inter4
na
norain
morning morning

676
F101 22 24 25 26 27 28 29 30 31 32 33 34 35 36 37 38 39 40 41
F107 8 12 15 17 19 20 21 22 23 24 25 26 27 28 29 31 32 34 35 36 37 38 39 40
inter4 inter4
na
rain
morning morning

677
F101 22 24 25 26 27 28 29 30 31 32 33 34 35 36 37 38 39 40 41
F108 8 10 12 13 14 15 16 17 18 19 20 21 22 23 24 25 26 27 28 29 30 31 32
inter4 inter4
na
norain
morning day

680
F101 22 24 25 26 27 28 29 30 31 32 33 34 35 36 37 38 39 40 41
F111 8 10 12 14 15 16 17 18 19 20 21 22 23 24 25 26 27 28 29 30
inter4 inter4
na
norain
morning morning

