10
F34 2 4 5 6 7 8 9 10 11 13 15 19 20 21 22 23 24 25 26 27 28 29
F44 5 6 7 8 9 10 11 12 13 14 15 16 17 18 19 20 21 22 23 24 25 26
inter4
overlap inverse
norain
day day

11
F34 2 4 5 6 7 8 9 10 11 13 15 19 20 21 22 23 24 25 26 27 28 29
F45 7 9 10 11 12 13 14 15 16 17 18 19 20 21 22 23 24 25 26 27 28 29
inter4
overlap inverse
norain
day evening

12
F34 2 4 5 6 7 8 9 10 11 13 15 19 20 21 22 23 24 25 26 27 28 29
F46 9 10 11 12 13 14 15 16 17 18 19 26 36 37 38 39 40 41 42 43 44 45 46 47
inter4
overlap inverse
norain
day day

15
F35 4 5 6 7 8 9 10 11 12 13 14 15 16 17 18 19 20 21 22 23 24
F38 13 14 15 16 17 18 19 20 21 22 23 24 25 26 27 28 29 30 31 32 33
inter4
overlap inverse
norain
evening day

16
F35 4 5 6 7 8 9 10 11 12 13 14 15 16 17 18 19 20 21 22 23 24
F39 12 13 14 15 16 17 18 19 20 21 22 23 24 25 26 27 28 29 30 31
inter4
overlap inverse
norain
evening evening

17
F35 4 5 6 7 8 9 10 11 12 13 14 15 16 17 18 19 20 21 22 23 24
F40 4 5 6 7 8 9 10 11 12 13 14 15 16 17 18 19 20 21 22
inter4
overlap inverse
norain
evening day

28
F36 3 4 5 6 7 8 9 10 11 12 13 14 15 16 17 18 19 20 21 22
F41 5 6 7 8 9 10 11 12 13 14 15 16 17 18 19 20 21 22 23 24 25 26 27
inter4
overlap inverse
norain
day day

29
F36 3 4 5 6 7 8 9 10 11 12 13 14 15 16 17 18 19 20 21 22
F42 1 2 3 4 5 6 7 8 9 10 11 12 13 14 15 16 17 18 19 20
inter4
overlap inverse
norain
day evening

30
F36 3 4 5 6 7 8 9 10 11 12 13 14 15 16 17 18 19 20 21 22
F43 7 8 9 10 11 12 13 14 15 16 17 18 19 20 21 22 23 24 25 26 27
inter4
overlap inverse
norain
day morning

40
F37 6 7 8 9 10 11 12 13 14 15 16 17 18 19 20 21 22 23 24
F44 5 6 7 8 9 10 11 12 13 14 15 16 17 18 19 20 21 22 23 24 25 26
inter4
overlap inverse
norain
day day

41
F37 6 7 8 9 10 11 12 13 14 15 16 17 18 19 20 21 22 23 24
F45 7 9 10 11 12 13 14 15 16 17 18 19 20 21 22 23 24 25 26 27 28 29
inter4
overlap inverse
norain
day evening

42
F37 6 7 8 9 10 11 12 13 14 15 16 17 18 19 20 21 22 23 24
F46 9 10 11 12 13 14 15 16 17 18 19 26 36 37 38 39 40 41 42 43 44 45 46 47
inter4
overlap inverse
norain
day day

52
F39 12 13 14 15 16 17 18 19 20 21 22 23 24 25 26 27 28 29 30 31
F41 5 6 7 8 9 10 11 12 13 14 15 16 17 18 19 20 21 22 23 24 25 26 27
inter4
overlap inverse
norain
evening day

53
F39 12 13 14 15 16 17 18 19 20 21 22 23 24 25 26 27 28 29 30 31
F42 1 2 3 4 5 6 7 8 9 10 11 12 13 14 15 16 17 18 19 20
inter4
overlap inverse
norain
evening evening

54
F39 12 13 14 15 16 17 18 19 20 21 22 23 24 25 26 27 28 29 30 31
F43 7 8 9 10 11 12 13 14 15 16 17 18 19 20 21 22 23 24 25 26 27
inter4
overlap inverse
norain
evening morning

61
F40 4 5 6 7 8 9 10 11 12 13 14 15 16 17 18 19 20 21 22
F44 5 6 7 8 9 10 11 12 13 14 15 16 17 18 19 20 21 22 23 24 25 26
inter4
overlap inverse
norain
day day

62
F40 4 5 6 7 8 9 10 11 12 13 14 15 16 17 18 19 20 21 22
F45 7 9 10 11 12 13 14 15 16 17 18 19 20 21 22 23 24 25 26 27 28 29
inter4
overlap inverse
norain
day evening

63
F40 4 5 6 7 8 9 10 11 12 13 14 15 16 17 18 19 20 21 22
F46 9 10 11 12 13 14 15 16 17 18 19 26 36 37 38 39 40 41 42 43 44 45 46 47
inter4
overlap inverse
norain
day day

70
F42 1 2 3 4 5 6 7 8 9 10 11 12 13 14 15 16 17 18 19 20
F44 5 6 7 8 9 10 11 12 13 14 15 16 17 18 19 20 21 22 23 24 25 26
inter4
overlap inverse
norain
evening day

71
F42 1 2 3 4 5 6 7 8 9 10 11 12 13 14 15 16 17 18 19 20
F45 7 9 10 11 12 13 14 15 16 17 18 19 20 21 22 23 24 25 26 27 28 29
inter4
overlap inverse
norain
evening evening

72
F42 1 2 3 4 5 6 7 8 9 10 11 12 13 14 15 16 17 18 19 20
F46 9 10 11 12 13 14 15 16 17 18 19 26 36 37 38 39 40 41 42 43 44 45 46 47
inter4
overlap inverse
norain
evening day

87
F47 8 10 11 14 16 17 18 19 20 21 22 23 24 25 26 28 29 31 33 35
F56 7 11 14 17 18 19 20 22 23 24 25 26 28 29 30 31 33 34 36 37 38 39 40 42
inter4
overlap inverse
rain
evening day

88
F47 8 10 11 14 16 17 18 19 20 21 22 23 24 25 26 28 29 31 33 35
F57 13 16 19 20 21 22 23 25 26 27 28 29 30 31 32 34 36 37 38 40 41
inter4
overlap inverse
rain
evening day

89
F47 8 10 11 14 16 17 18 19 20 21 22 23 24 25 26 28 29 31 33 35
F58 11 14 15 16 18 21 22 23 24 25 26 27 29 30 31 32 33 34 35 36 37
inter4
overlap inverse
norain
evening day

91
F48 14 16 18 20 22 24 25 26 27 28 29 30 31 32 35 38 41 42 43 44
F50 10 15 18 20 21 22 23 24 26 27 29 30 31 33 34 36 38 39 40 43 45 46
inter4
overlap inverse
rain
morning morning

92
F48 14 16 18 20 22 24 25 26 27 28 29 30 31 32 35 38 41 42 43 44
F51 16 19 20 22 23 24 26 28 29 30 32 33 34 35 36 39 42 45 47 49 52 54
inter4
overlap inverse
rain
morning day

93
F48 14 16 18 20 22 24 25 26 27 28 29 30 31 32 35 38 41 42 43 44
F52 13 16 19 20 21 23 25 26 32 34 35 37 38 40 43 44 46 47
inter4
overlap inverse
rain
morning morning

103
F49 16 19 21 22 23 24 25 26 27 28 29 30 32 34 35 36 37 38 39 40 42 44 45 46
F53 16 19 22 24 27 28 30 33 34 37 40 41 42 44 45 46 47 48 49 50 51 52
inter4
overlap inverse
rain
night day

104
F49 16 19 21 22 23 24 25 26 27 28 29 30 32 34 35 36 37 38 39 40 42 44 45 46
F54 24 27 30 32 35 37 39 41 42 45 46 47 48 49 50 51 52 53 54 55 57 59
inter4
overlap inverse
rain
night day

105
F49 16 19 21 22 23 24 25 26 27 28 29 30 32 34 35 36 37 38 39 40 42 44 45 46
F55 19 22 26 29 31 32 33 37 38 40 41 42 43 44 45 46 47 48 49 50 51
inter4
overlap inverse
norain
night night

118
F51 16 19 20 22 23 24 26 28 29 30 32 33 34 35 36 39 42 45 47 49 52 54
F53 16 19 22 24 27 28 30 33 34 37 40 41 42 44 45 46 47 48 49 50 51 52
inter4
overlap inverse
rain
day day

119
F51 16 19 20 22 23 24 26 28 29 30 32 33 34 35 36 39 42 45 47 49 52 54
F54 24 27 30 32 35 37 39 41 42 45 46 47 48 49 50 51 52 53 54 55 57 59
inter4
overlap inverse
rain
day day

120
F51 16 19 20 22 23 24 26 28 29 30 32 33 34 35 36 39 42 45 47 49 52 54
F55 19 22 26 29 31 32 33 37 38 40 41 42 43 44 45 46 47 48 49 50 51
inter4
overlap inverse
norain
day night

127
F52 13 16 19 20 21 23 25 26 32 34 35 37 38 40 43 44 46 47
F56 7 11 14 17 18 19 20 22 23 24 25 26 28 29 30 31 33 34 36 37 38 39 40 42
inter4
overlap inverse
rain
morning day

128
F52 13 16 19 20 21 23 25 26 32 34 35 37 38 40 43 44 46 47
F57 13 16 19 20 21 22 23 25 26 27 28 29 30 31 32 34 36 37 38 40 41
inter4
overlap inverse
rain
morning day

129
F52 13 16 19 20 21 23 25 26 32 34 35 37 38 40 43 44 46 47
F58 11 14 15 16 18 21 22 23 24 25 26 27 29 30 31 32 33 34 35 36 37
inter4
overlap inverse
norain
morning day

136
F54 24 27 30 32 35 37 39 41 42 45 46 47 48 49 50 51 52 53 54 55 57 59
F56 7 11 14 17 18 19 20 22 23 24 25 26 28 29 30 31 33 34 36 37 38 39 40 42
inter4
overlap inverse
rain
day day

137
F54 24 27 30 32 35 37 39 41 42 45 46 47 48 49 50 51 52 53 54 55 57 59
F57 13 16 19 20 21 22 23 25 26 27 28 29 30 31 32 34 36 37 38 40 41
inter4
overlap inverse
rain
day day

138
F54 24 27 30 32 35 37 39 41 42 45 46 47 48 49 50 51 52 53 54 55 57 59
F58 11 14 15 16 18 21 22 23 24 25 26 27 29 30 31 32 33 34 35 36 37
inter4
overlap inverse
rain
day day

189
F73 8 11 12 14 16 17 18 19 20 22 24 25 26 27 28 29 30 31 34 35 39 42
F75 13 16 19 21 22 23 24 25 26 27 28 29 30 31 32 33 34 35 36 38 40 42
inter4
overlap inverse
norain
morning morning

190
F73 8 11 12 14 16 17 18 19 20 22 24 25 26 27 28 29 30 31 34 35 39 42
F76 9 12 14 16 17 18 19 20 21 22 23 24 25 26 29 32 33 34 35 37 38
inter4
overlap inverse
norain
morning evening

198
F74 14 17 19 20 21 22 23 24 25 26 27 28 29 30 31 32 33 34 35 36 37
F77 19 23 24 25 26 27 28 29 30 31 32 33 36 37 38 39 40 41 42 43 45 47 49 51 53
inter4
overlap inverse
rain
night day

199
F74 14 17 19 20 21 22 23 24 25 26 27 28 29 30 31 32 33 34 35 36 37
F78 3 6 8 10 11 12 13 14 15 16 17 18 19 20 21 22 23 24 25 26 27
inter4
overlap inverse
rain
night day

204
F75 13 16 19 21 22 23 24 25 26 27 28 29 30 31 32 33 34 35 36 38 40 42
F77 19 23 24 25 26 27 28 29 30 31 32 33 36 37 38 39 40 41 42 43 45 47 49 51 53
inter4
overlap inverse
norain
morning day

205
F75 13 16 19 21 22 23 24 25 26 27 28 29 30 31 32 33 34 35 36 38 40 42
F78 3 6 8 10 11 12 13 14 15 16 17 18 19 20 21 22 23 24 25 26 27
inter4
overlap inverse
norain
morning day

211
F76 9 12 14 16 17 18 19 20 21 22 23 24 25 26 29 32 33 34 35 37 38
F79 6 10 14 17 18 20 21 22 23 25 27 29 31 32 35 36 37 40 41 42
inter4
overlap inverse
norain
evening night

212
F76 9 12 14 16 17 18 19 20 21 22 23 24 25 26 29 32 33 34 35 37 38
F80 13 16 19 21 22 24 26 28 30 31 32 34 36 37 38 39 41 43 46 49
inter4
overlap inverse
norain
evening day

213
F76 9 12 14 16 17 18 19 20 21 22 23 24 25 26 29 32 33 34 35 37 38
F81 15 17 19 21 23 26 27 28 29 30 31 32 33 34 35 36 39 40 41 43 45 46
inter4
overlap inverse
norain
evening night

215
F77 19 23 24 25 26 27 28 29 30 31 32 33 36 37 38 39 40 41 42 43 45 47 49 51 53
F79 6 10 14 17 18 20 21 22 23 25 27 29 31 32 35 36 37 40 41 42
inter4
overlap inverse
norain
day night

216
F77 19 23 24 25 26 27 28 29 30 31 32 33 36 37 38 39 40 41 42 43 45 47 49 51 53
F80 13 16 19 21 22 24 26 28 30 31 32 34 36 37 38 39 41 43 46 49
inter4
overlap inverse
norain
day day

217
F77 19 23 24 25 26 27 28 29 30 31 32 33 36 37 38 39 40 41 42 43 45 47 49 51 53
F81 15 17 19 21 23 26 27 28 29 30 31 32 33 34 35 36 39 40 41 43 45 46
inter4
overlap inverse
norain
day night

231
F82 12 15 17 18 19 20 21 22 24 25 26 28 31 33 34 35 36 38 40 41 42
F90 8 10 13 16 17 19 20 23 24 27 28 30 32 33 34 35 36 37 38 39 40 41 42
inter4
overlap inverse
rain
day day

232
F82 12 15 17 18 19 20 21 22 24 25 26 28 31 33 34 35 36 38 40 41 42
F91 16 20 23 26 29 30 32 33 35 37 39 40 41 42 43 44 45 46 47 48 50 51 52 54 55
inter4
overlap inverse
norain
day night

234
F83 14 16 17 18 20 21 22 23 24 25 26 27 28 29 32 34 35 37 38 39
F85 16 20 23 26 27 29 30 31 32 33 34 35 37 40 41 42 43 44 45 47 48
inter4
overlap inverse
norain
night night

235
F83 14 16 17 18 20 21 22 23 24 25 26 27 28 29 32 34 35 37 38 39
F86 15 18 21 23 24 25 26 27 28 29 30 31 32 33 35 36 37 38 39 40 41
inter4
overlap inverse
norain
night morning

236
F83 14 16 17 18 20 21 22 23 24 25 26 27 28 29 32 34 35 37 38 39
F87 16 19 21 22 24 25 27 28 29 30 31 32 33 34 35 36 37 38 39 40 41 42
inter4
overlap inverse
norain
night night

244
F84 11 15 17 19 21 22 23 24 25 26 27 30 31 32 33 34 35 36 37 38
F88 14 16 18 19 21 22 23 24 25 27 28 29 30 31 32 33 34 36 37 38 39
inter4
overlap inverse
rain
day day

245
F84 11 15 17 19 21 22 23 24 25 26 27 30 31 32 33 34 35 36 37 38
F89 16 18 19 20 21 22 23 24 26 27 28 29 30 31 32 33 34 35 36 37 38
inter4
overlap inverse
norain
day evening

255
F86 15 18 21 23 24 25 26 27 28 29 30 31 32 33 35 36 37 38 39 40 41
F88 14 16 18 19 21 22 23 24 25 27 28 29 30 31 32 33 34 36 37 38 39
inter4
overlap inverse
rain
morning day

256
F86 15 18 21 23 24 25 26 27 28 29 30 31 32 33 35 36 37 38 39 40 41
F89 16 18 19 20 21 22 23 24 26 27 28 29 30 31 32 33 34 35 36 37 38
inter4
overlap inverse
norain
morning evening

261
F87 16 19 21 22 24 25 27 28 29 30 31 32 33 34 35 36 37 38 39 40 41 42
F90 8 10 13 16 17 19 20 23 24 27 28 30 32 33 34 35 36 37 38 39 40 41 42
inter4
overlap inverse
rain
night day

262
F87 16 19 21 22 24 25 27 28 29 30 31 32 33 34 35 36 37 38 39 40 41 42
F91 16 20 23 26 29 30 32 33 35 37 39 40 41 42 43 44 45 46 47 48 50 51 52 54 55
inter4
overlap inverse
norain
night night

264
F88 14 16 18 19 21 22 23 24 25 27 28 29 30 31 32 33 34 36 37 38 39
F90 8 10 13 16 17 19 20 23 24 27 28 30 32 33 34 35 36 37 38 39 40 41 42
inter4
overlap inverse
rain
day day

265
F88 14 16 18 19 21 22 23 24 25 27 28 29 30 31 32 33 34 36 37 38 39
F91 16 20 23 26 29 30 32 33 35 37 39 40 41 42 43 44 45 46 47 48 50 51 52 54 55
inter4
overlap inverse
rain
day night

276
F92 10 14 17 18 19 20 21 22 23 24 25 26 27 28 29 30 31 32 33 34 35
F100 14 18 22 23 24 25 26 27 28 29 30 31 32 33 34 35 36
inter4
overlap inverse
rain
day day

277
F92 10 14 17 18 19 20 21 22 23 24 25 26 27 28 29 30 31 32 33 34 35
F101 22 24 25 26 27 28 29 30 31 32 33 34 35 36 37 38 39 40 41
inter4
overlap inverse
norain
day morning

279
F93 5 9 12 13 14 15 16 17 18 19 20 21 22 23 24 25 26 27 28 29 30
F95 7 10 13 15 16 17 18 19 20 21 22 23 24 25 26 27 28 29 30 31 32
inter4
overlap inverse
norain
evening day

280
F93 5 9 12 13 14 15 16 17 18 19 20 21 22 23 24 25 26 27 28 29 30
F96 16 18 19 20 21 22 23 24 25 26 27 28 29 30 31 32 33 34 35 36 37 38
inter4
overlap inverse
norain
evening day

281
F93 5 9 12 13 14 15 16 17 18 19 20 21 22 23 24 25 26 27 28 29 30
F97 13 14 15 16 17 18 19 20 21 22 23 24 25 26 27 28 29 30 31 32
inter4
overlap inverse
norain
evening night

289
F94 1 2 3 4 5 6 7 8 9 10 11 12 13 14 15 16 17 18 19 20
F98 11 13 15 16 17 18 19 20 21 22 23 24 25 26 27 28 29 30 31 32
inter4
overlap inverse
rain
night day

290
F94 1 2 3 4 5 6 7 8 9 10 11 12 13 14 15 16 17 18 19 20
F99 13 14 15 16 17 18 19 20 21 22 23 24 25 26 27 28 29 30
inter4
overlap inverse
rain
night night

300
F96 16 18 19 20 21 22 23 24 25 26 27 28 29 30 31 32 33 34 35 36 37 38
F98 11 13 15 16 17 18 19 20 21 22 23 24 25 26 27 28 29 30 31 32
inter4
overlap inverse
norain
day day

301
F96 16 18 19 20 21 22 23 24 25 26 27 28 29 30 31 32 33 34 35 36 37 38
F99 13 14 15 16 17 18 19 20 21 22 23 24 25 26 27 28 29 30
inter4
overlap inverse
norain
day night

306
F97 13 14 15 16 17 18 19 20 21 22 23 24 25 26 27 28 29 30 31 32
F100 14 18 22 23 24 25 26 27 28 29 30 31 32 33 34 35 36
inter4
overlap inverse
rain
night day

307
F97 13 14 15 16 17 18 19 20 21 22 23 24 25 26 27 28 29 30 31 32
F101 22 24 25 26 27 28 29 30 31 32 33 34 35 36 37 38 39 40 41
inter4
overlap inverse
norain
night morning

321
F102 19 22 24 25 27 28 30 31 32 33 34 35 36 37 38 39 40 41 42 43 44 45 46
F110 13 15 16 17 18 19 20 21 22 23 24 25 26 27 28 29 30 31 32 33 34 35 36 37 38 39 40
inter4
overlap inverse
rain
day night

322
F102 19 22 24 25 27 28 30 31 32 33 34 35 36 37 38 39 40 41 42 43 44 45 46
F111 8 10 12 14 15 16 17 18 19 20 21 22 23 24 25 26 27 28 29 30
inter4
overlap inverse
rain
day morning

326
F103 16 19 20 21 22 24 26 27 28 29 30 31 32 33 34 35 36 37 38 39 40
F107 8 12 15 17 19 20 21 22 23 24 25 26 27 28 29 31 32 34 35 36 37 38 39 40
inter4
overlap inverse
rain
evening morning

327
F103 16 19 20 21 22 24 26 27 28 29 30 31 32 33 34 35 36 37 38 39 40
F108 8 10 12 13 14 15 16 17 18 19 20 21 22 23 24 25 26 27 28 29 30 31 32
inter4
overlap inverse
norain
evening day

328
F103 16 19 20 21 22 24 26 27 28 29 30 31 32 33 34 35 36 37 38 39 40
F109 15 17 18 20 21 22 23 24 25 26 27 28 29 30 31 32 33 34 35 36 37 38 39 40 41 42
inter4
overlap inverse
norain
evening night

339
F105 8 10 11 12 13 14 15 16 17 18 19 20 21 22 23 24 25 26 27 28 29 30 31 32 33
F107 8 12 15 17 19 20 21 22 23 24 25 26 27 28 29 31 32 34 35 36 37 38 39 40
inter4
overlap inverse
rain
morning morning

340
F105 8 10 11 12 13 14 15 16 17 18 19 20 21 22 23 24 25 26 27 28 29 30 31 32 33
F108 8 10 12 13 14 15 16 17 18 19 20 21 22 23 24 25 26 27 28 29 30 31 32
inter4
overlap inverse
norain
morning day

341
F105 8 10 11 12 13 14 15 16 17 18 19 20 21 22 23 24 25 26 27 28 29 30 31 32 33
F109 15 17 18 20 21 22 23 24 25 26 27 28 29 30 31 32 33 34 35 36 37 38 39 40 41 42
inter4
overlap inverse
norain
morning night

347
F106 7 8 10 11 12 13 14 15 16 17 18 19 20 21 22 23 24 25 26 27
F110 13 15 16 17 18 19 20 21 22 23 24 25 26 27 28 29 30 31 32 33 34 35 36 37 38 39 40
inter4
overlap inverse
norain
night night

348
F106 7 8 10 11 12 13 14 15 16 17 18 19 20 21 22 23 24 25 26 27
F111 8 10 12 14 15 16 17 18 19 20 21 22 23 24 25 26 27 28 29 30
inter4
overlap inverse
norain
night morning

354
F108 8 10 12 13 14 15 16 17 18 19 20 21 22 23 24 25 26 27 28 29 30 31 32
F110 13 15 16 17 18 19 20 21 22 23 24 25 26 27 28 29 30 31 32 33 34 35 36 37 38 39 40
inter4
overlap inverse
norain
day night

355
F108 8 10 12 13 14 15 16 17 18 19 20 21 22 23 24 25 26 27 28 29 30 31 32
F111 8 10 12 14 15 16 17 18 19 20 21 22 23 24 25 26 27 28 29 30
inter4
overlap inverse
norain
day morning

#1
F117 7 8 9 10 11 12 13 14 15 16 17 18 19 20 21 23 25 27
F117 478 480 482 484 486 488 489 490 493 495 497 498 499 500 501 502 503 504 505 506
noninter
same inverse
norain
night night

#2
F117 27 29 31 32 33 34 35 36 37 38 39 41 43 45 47 49 51
F117 508 509 510 511 512 513 514 515 516
noninter
same inverse
norain
night night

#3
F117 335 336 337 338 339 340 341 342 343 344 345 346 347 348
F117 478 480 482 484 486 488 489 490 493 495 497 498 499 500 501 502 503 504 505 506
noninter
same inverse
norain
night night

#4
F117 7 8 9 10 11 12 13 14 15 16 17 18 19 20 21 23 25 27
F117 335 336 337 338 339 340 341 342 343 344 345 346 347 348
noninter
same inverse
norain
night night

#5
F117 821 822 823 824 825 826 827 828 829 930 831 832 833 834
F117 335 336 337 338 339 340 341 342 343 344 345 346 347 348
noninter
same inverse
norain
night night

#6
F117 821 822 823 824 825 826 827 828 829 930 831 832 833 834
F117 7 8 9 10 11 12 13 14 15 16 17 18 19 20 21 23 25 27
noninter
same inverse
norain
night night

#7
F117 821 822 823 824 825 826 827 828 829 930 831 832 833 834
F117 478 480 482 484 486 488 489 490 493 495 497 498 499 500 501 502 503 504 505 506
noninter
same inverse
norain
night night

#8
F117 238 239 240 241 242 243 244 245 246 247 248 249 250 251 252
F117 188 189 190 191 192 193 194 195 196 197 198 199 200 201
noninter
same inverse
norain
night night

#11
F117 48 49 50 51 52 53 54 55 56 57 60 61 62 63 64 65 66 67 68 69
F117 319 320 321 322 323 324 325 326 327 328 329 330 331 332 333 334 335 336
inter4
same inverse
norain
night night

#12
F117 48 49 50 51 52 53 54 55 56 57 60 61 62 63 64 65 66 67 68 69
F117 791 792 793 794 795 796 799 800 801 803 804 805 807 808 809 810 811 816 817 821
inter4
overlap inverse
norain
night night

#15
F117 167 168 169 170 171 172 173 176 178 180 181 182 183 185 186 187 189 190 191
F117 249 250 251 252 253 254 255 256 258 260 261 264 265 266 267 268 271 272 273 274
inter4
same inverse
norain
night night

#21
F117 249 250 251 252 253 254 255 256 258 260 261 264 265 266 267 268 271 272 273 274
F117 791 792 793 794 795 796 799 800 801 803 804 805 807 808 809 810 811 816 817 821
inter4
overlap inverse
norain
night night

#23
F117 249 250 251 252 253 254 255 256 258 260 261 264 265 266 267 268 271 272 273 274
F117 510 511 512 513 514 515 516 517 518 519 520 521 522 523 524 525 526 527 528
inter4
overlap inverse
norain
night night

#25
F117 319 320 321 322 323 324 325 326 327 328 329 330 331 332 333 334 335 336
F117 1122 1123 1124 1126 1128 1130 1132 1134 1142 1144 1146 1148 1150 1152 1153 1154 1155 1156 1157 1158
inter4
same inverse
norain
night evening

#26
F117 319 320 321 322 323 324 325 326 327 328 329 330 331 332 333 334 335 336
F117 510 511 512 513 514 515 516 517 518 519 520 521 522 523 524 525 526 527 528
inter4
overlap inverse
norain
night night

#27
F117 791 792 793 794 795 796 799 800 801 803 804 805 807 808 809 810 811 816 817 821
F117 1122 1123 1124 1126 1128 1130 1132 1134 1142 1144 1146 1148 1150 1152 1153 1154 1155 1156 1157 1158
inter4
overlap inverse
norain
night evening

#28
F117 791 792 793 794 795 796 799 800 801 803 804 805 807 808 809 810 811 816 817 821
F117 510 511 512 513 514 515 516 517 518 519 520 521 522 523 524 525 526 527 528 turn (technically straight)
inter4
overlap inverse
norain
night night

#32
F117 692 693 694 695 696 697 698 699 700 701 702 703 704 705
F117 759 760 761 762 763 764 765 766 767 768 769 770 771 772 773 774 775 776 777 778
noninter
same inverse
norain
night night

#33
F117 692 693 694 695 696 697 698 699 700 701 702 703 704 705
F117 136 137 138 139 140 141 142 143 144 145 146 147 148 149 150 151 152 153 154 155 156
noninter
same inverse
norain
night night

#34
F117 72 73 74 75 76 77 78 79 80 81 82 83 84 85
F117 759 760 761 762 763 764 765 766 767 768 769 770 771 772 773 774 775 776 777 778
noninter
same inverse
norain
night night

#35
F117 72 73 74 75 76 77 78 79 80 81 82 83 84 85
F117 136 137 138 139 140 141 142 143 144 145 146 147 148 149 150 151 152 153 154 155
noninter
same inverse
norain
night night

#1
F115 154 156 160 162 167 172 175 180 182 183 184 185 188 189 190
F115 315 316 317 318 319 320 321 322 323 324 325 326 327 328 329
inter4
overlap inverse
norain
day day

#2
F115 154 156 160 162 167 172 175 180 182 183 184 185 188 189 190
F115 398 400 402 404 406 408 410 413 416 419 421 423 424 425 426 428 429 430
inter4
overlap inverse
norain
day day

#3
F115 154 156 160 162 167 172 175 180 182 183 184 185 188 189 190
F115 648 649 650 651 653 656 659 662 665 668 702 704 705 706 707 708 709 710 711 712
inter4
overlap inverse
norain
day day

#6
F115 315 316 317 318 319 320 321 322 323 324 325 326 327 328 329
F115 398 400 402 404 406 408 410 413 416 419 421 423 424 425 426 428 429 430
inter4
overlap inverse
norain
day day

#9
F115 315 316 317 318 319 320 321 322 323 324 325 326 327 328 329
F115 946 947 948 949 950 951 965 966 967 968 969 970 971 972 973 974
inter4
overlap inverse
norain
day day

#11
F115 398 400 402 404 406 408 410 413 416 419 421 423 424 425 426 428 429 430
F115 511 512 513 514 515 516 517 518 519 520 521 522 523 524 525 526 527
inter4
overlap inverse
norain
day day

#13
F115 648 649 650 651 653 656 659 662 665 668 702 704 705 706 707 708 709 710 711 712
F115 511 512 513 514 515 516 517 518 519 520 521 522 523 524 525 526 527
inter4
same inverse
norain
day day

#14
F115 648 649 650 651 653 656 659 662 665 668 702 704 705 706 707 708 709 710 711 712
F115 946 947 948 949 950 951 965 966 967 968 969 970 971 972 973 974
inter4
overlap inverse
norain
day day

#15
F115 946 947 948 949 950 951 965 966 967 968 969 970 971 972 973 974
F115 807 810 812 815 818 821 836 837 838 840 841 842 843 844 845 846 847 848
inter4
overlap inverse
norain
day day

#18
F115 398 400 402 404 406 408 410 413 416 419 421 423 424 425 426 428 429 430
F115 807 810 812 815 818 821 836 837 838 840 841 842 843 844 845 846 847 848
inter4
same inverse
norain
day day

#19
F115 648 649 650 651 653 656 659 662 665 668 702 704 705 706 707 708 709 710 711 712
F115 807 810 812 815 818 821 836 837 838 840 841 842 843 844 845 846 847 848
inter4
overlap inverse
norain
day day

#21
F115 115 116 117 118 119 120 121 122 123 124 125 126 127 128 129 130 131 132 133 134
F115 428 429 430 431 432 433 434 435 436 437 438 539 440 441 442 443 444 445 446
noninter
same inverse
norain
day day

#23
F115 115 116 117 118 119 120 121 122 123 124 125 126 127 128 129 130 131 132 133 134
F115 712 713 714 715 716 717 718 719 720 721 722 723 724 725 726 727 728 729 730
noninter
same inverse
norain
day day

#25
F115 428 429 430 431 432 433 434 435 436 437 438 539 440 441 442 443 444 445 446
F115 493 494 495 496 497 498 499 500 501 502 503 504 505 506 507 508 509 510 511 512
noninter
same inverse
norain
day day

#26
F115 712 713 714 715 716 717 718 719 720 721 722 723 724 725 726 727 728 729 730
F115 493 494 495 496 497 498 499 500 501 502 503 504 505 506 507 508 509 510 511 512
noninter
same inverse
norain
day day

#28
F115 712 713 714 715 716 717 718 719 720 721 722 723 724 725 726 727 728 729 730
F115 790 791 792 793 794 795 796 797 798 799 800 801 802 803 804 805 806 807 808
noninter
same inverse
norain
day day

#29
F115 428 429 430 431 432 433 434 435 436 437 438 539 440 441 442 443 444 445 446
F115 790 791 792 793 794 795 796 797 798 799 800 801 802 803 804 805 806 807 808
noninter
same inverse
norain
day day

#31
F115 303 304 305 306 307 308 309 310 311 312 313 314 315 316 317 318 319
F115 191 192 193 194 195 196 197 198 200 201 202 203 204 205 206 207 208 209 210 211
noninter
same inverse
norain
day day

#32
F115 848 849 850 851 852 853 854 855 856 857 858 859 860 861
F115 936 937 938 939 940 941 942 943 944 945 946 947 948 949
noninter
same inverse
norain
day day

#34
F115 848 849 850 851 852 853 854 855 856 857 858 859 860 861
F115 387 388 389 390 391 392 393 394 395 396 397 398 399 400 401 402 403
noninter
same inverse
norain
day day

#35
F115 936 937 938 939 940 941 942 943 944 945 946 947 948 949
F115 327 328 329 330 331 332 333 334 335 336 337 338 339
noninter
same inverse
norain
day day

#37
F115 327 328 329 330 331 332 333 334 335 336 337 338 339
F115 387 388 389 390 391 392 393 394 395 396 397 398 399 400 401 402 403
noninter
same inverse
norain
day day

#39
F115 633 634 635 636 637 638 639 640 641 642 643 644 645 646 647 648 649 650 651 652 653
F115 972 973 974 975 976 977 978 979 980 981 982 983 984
noninter
same inverse
norain
day day

#40
F115 633 634 635 636 637 638 639 640 641 642 643 644 645 646 647 648 649 650 651 652 653
F115 527 528 529 530 531 532 533 534 635 536
noninter
same inverse
norain
day day

#1
F123 89 90 91 92 93 94 95 96 98 100 107 108 109 110 111 112 113 114
F123 486 487 488 489 490 491 492 493 494 495 496 497 498 499 500 501 502 503 504
inter4
overlap inverse
norain
day day

#2
F123 89 90 91 92 93 94 95 96 98 100 107 108 109 110 111 112 113 114
F123 739 740 741 742 743 744 745 746 747 748 749 750 751 752 753 754 755
inter4
overlap inverse
norain
day day

#5
F123 89 90 91 92 93 94 95 96 98 100 107 108 109 110 111 112 113 114
F123 1336 1337 1338 1339 1340 1341 1342 1343 1344 1345 1346 1347 1348 1349 1350 1351 1352 1353
inter4
overlap inverse
norain
day day

#7
F123 89 90 91 92 93 94 95 96 98 100 107 108 109 110 111 112 113 114
F123 1107 1108 1109 1110 1112 1114 1116 1118 1155 1156 1157 1158 1159 1160 1161 1162 1163 1164 1165
inter4
overlap inverse
norain
day day

#8
F123 89 90 91 92 93 94 95 96 98 100 107 108 109 110 111 112 113 114
F123 241 242 244 246 248 250 253 257 259 260 261 262 265 271 272 273 274 275 276 277
inter4
overlap inverse
norain
day day

#10
F123 241 242 244 246 248 250 253 257 259 260 261 262 265 271 272 273 274 275 276 277
F123 739 740 741 742 743 744 745 746 747 748 749 750 751 752 753 754 755
inter4
overlap inverse
norain
day day

#12
F123 241 242 244 246 248 250 253 257 259 260 261 262 265 271 272 273 274 275 276 277
F123 377 378 379 381 383 384 387 389 392 410 412 413 414 415 416 417 148 419 420 421
inter4
same inverse
norain
day day

#13
F123 241 242 244 246 248 250 253 257 259 260 261 262 265 271 272 273 274 275 276 277
F123 1336 1337 1338 1339 1340 1341 1342 1343 1344 1345 1346 1347 1348 1349 1350 1351 1352 1353
inter4
overlap inverse
norain
day day

#14
F123 241 242 244 246 248 250 253 257 259 260 261 262 265 271 272 273 274 275 276 277
F123 951 952 953 954 985 987 989 991 993 994 1033 1034 1035 1036 1037 1038 1039
inter4
overlap inverse
norain
day day

#17
F123 486 487 488 489 490 491 492 493 494 495 496 497 498 499 500 501 502 503 504
F123 608 609 610 612 613 614 616 620 622 624 626 628 630 631 632 633 634 635 636
inter4
overlap inverse
norain
day day

#18
F123 486 487 488 489 490 491 492 493 494 495 496 497 498 499 500 501 502 503 504
F123 377 378 379 381 383 384 387 389 392 410 412 413 414 415 416 417 148 419 420 421
inter4
overlap inverse
norain
day day

#20
F123 486 487 488 489 490 491 492 493 494 495 496 497 498 499 500 501 502 503 504
F123 951 952 953 954 985 987 989 991 993 994 1033 1034 1035 1036 1037 1038 1039
inter4
same inverse
norain
day day

#22
F123 739 740 741 742 743 744 745 746 747 748 749 750 751 752 753 754 755
F123 608 609 610 612 613 614 616 620 622 624 626 628 630 631 632 633 634 635 636
inter4
overlap inverse
norain
day day

#26
F123 608 609 610 612 613 614 616 620 622 624 626 628 630 631 632 633 634 635 636
F123 377 378 379 381 383 384 387 389 392 410 412 413 414 415 416 417 148 419 420 421
inter4
overlap inverse
norain
day day

#27
F123 608 609 610 612 613 614 616 620 622 624 626 628 630 631 632 633 634 635 636
F123 1336 1337 1338 1339 1340 1341 1342 1343 1344 1345 1346 1347 1348 1349 1350 1351 1352 1353
inter4
overlap inverse
norain
day day

#32
F123 1107 1108 1109 1110 1112 1114 1116 1118 1155 1156 1157 1158 1159 1160 1161 1162 1163 1164 1165
F123 951 952 953 954 985 987 989 991 993 994 1033 1034 1035 1036 1037 1038 1039
inter4
same inverse
norain
day day

#33
F123 377 378 379 381 383 384 387 389 392 410 412 413 414 415 416 417 148 419 420 421
F123 1107 1108 1109 1110 1112 1114 1116 1118 1155 1156 1157 1158 1159 1160 1161 1162 1163 1164 1165
inter4
overlap inverse
norain
day day

#34
F123 608 609 610 612 613 614 616 620 622 624 626 628 630 631 632 633 634 635 636
F123 1107 1108 1109 1110 1112 1114 1116 1118 1155 1156 1157 1158 1159 1160 1161 1162 1163 1164 1165
inter4
overlap inverse
norain
day day

#36
F123 1258 1259 1260 1261 1263 1265 1267 1269 1271 1283 1285 1286 1287 1288 1289 1290 1291 1292
F123 1107 1108 1109 1110 1112 1114 1116 1118 1155 1156 1157 1158 1159 1160 1161 1162 1163 1164 1165
inter4
overlap inverse
norain
day day

#42
F123 1258 1259 1260 1261 1263 1265 1267 1269 1271 1283 1285 1286 1287 1288 1289 1290 1291 1292
F123 486 487 488 489 490 491 492 493 494 495 496 497 498 499 500 501 502 503 504
inter4
overlap inverse
norain
day day

#44
F123 515 516 517 518 519 520 521 536 537 538 539 540 541 542 543
F123 915 916 917 918 919 920 921 922 923 924 925 926 927 928 929 930 931 932 933 934 935 936 937 938
noninter
same inverse
norain
day day

#45
F123 113 114 115 116 117 118 119 120 121 122 123 124 125 126 127 128
F123 219 220 221 22 223 224 225 226 227 228 229 230 231 232 333 234 235 236 237 238 239
noninter
same inverse
norain
day day

#46
F123 113 114 115 116 117 118 119 120 121 122 123 124 125 126 127 128
F123 1039 1040 1041 1042 1043 1044 1045 1046 1047 1048 1049 1050 1051 1052 1053 1054 1055
noninter
same inverse
norain
day day

#47
F123 113 114 115 116 117 118 119 120 121 122 123 124 125 126 127 128
F123 420 421 422 423 424 425 426 427 428 429 430 431 432 433 434
noninter
same inverse
norain
day day

#48
F123 113 114 115 116 117 118 119 120 121 122 123 124 125 126 127 128
F123 470 471 472 473 474 475 476 477 478 479 480 481 482 483 484 485
noninter
same inverse
norain
day day

#49
F123 219 220 221 22 223 224 225 226 227 228 229 230 231 232 333 234 235 236 237 238 239
F123 1039 1040 1041 1042 1043 1044 1045 1046 1047 1048 1049 1050 1051 1052 1053 1054 1055
noninter
same inverse
norain
day day

#50
F123 219 220 221 22 223 224 225 226 227 228 229 230 231 232 333 234 235 236 237 238 239
F123 420 421 422 423 424 425 426 427 428 429 430 431 432 433 434
noninter
same inverse
norain
day day

#51
F123 219 220 221 22 223 224 225 226 227 228 229 230 231 232 333 234 235 236 237 238 239
F123 470 471 472 473 474 475 476 477 478 479 480 481 482 483 484 485
noninter
same inverse
norain
day day

#52
F123 113 114 115 116 117 118 119 120 121 122 123 124 125 126 127 128
F123 1090 1091 1092 1093 1094 1095 1096 1097 1098 1099 1100 1101 1104 1105 1106 1107
noninter
same inverse
norain
day day

#54
F123 1039 1040 1041 1042 1043 1044 1045 1046 1047 1048 1049 1050 1051 1052 1053 1054 1055
F123 1090 1091 1092 1093 1094 1095 1096 1097 1098 1099 1100 1101 1104 1105 1106 1107
noninter
same inverse
norain
day day

#56
F123 1039 1040 1041 1042 1043 1044 1045 1046 1047 1048 1049 1050 1051 1052 1053 1054 1055
F123 470 471 472 473 474 475 476 477 478 479 480 481 482 483 484 485
noninter
same inverse
norain
day day

#58
F123 1090 1091 1092 1093 1094 1095 1096 1097 1098 1099 1100 1101 1104 1105 1106 1107
F123 420 421 422 423 424 425 426 427 428 429 430 431 432 433 434
noninter
same inverse
norain
day day

#59
F123 420 421 422 423 424 425 426 427 428 429 430 431 432 433 434
F123 470 471 472 473 474 475 476 477 478 479 480 481 482 483 484 485
noninter
same inverse
norain
day day

#60
F123 505 506 507 508 509 510 511 512 513 514 515 516 517 518 519 520
F123 938 939 940 941 942 943 944 945 946 947 948 949 950 951 952 953 954
noninter
same inverse
norain
day day

#62
F123 505 506 507 508 509 510 511 512 513 514 515 516 517 518 519 520
F123 592 593 597 598 599 600 601 602 603 604 605 606 607 608 609 610
noninter
same inverse
norain
day day

#64
F123 592 593 597 598 599 600 601 602 603 604 605 606 607 608 609 610
F123 1166 1167 1168 1169 1170 1171 1172 1173 1174 1175 1176 1177 1178 1179
noninter
same inverse
norain
day day

#65
F123 938 939 940 941 942 943 944 945 946 947 948 949 950 951 952 953 954
F123 1166 1167 1168 1169 1170 1171 1172 1173 1174 1175 1176 1177 1178 1179
noninter
same inverse
norain
day day

#66
F123 505 506 507 508 509 510 511 512 513 514 515 516 517 518 519 520
F123 1241 1242 1243 1244 1245 1246 1247 1248 1249 1250 1251 1252 1253 1254 1255 1256 1257 1258 1259
noninter
same inverse
norain
day day

#69
F123 1166 1167 1168 1169 1170 1171 1172 1173 1174 1175 1176 1177 1178 1179
F123 1241 1242 1243 1244 1245 1246 1247 1248 1249 1250 1251 1252 1253 1254 1255 1256 1257 1258 1259
noninter
same inverse
norain
day day

#70
F123 276 277 278 279 280 281 282 283 284 285 286 287 288 289 290
F123 363 364 365 366 367 368 369 370 371 372 373 374 375 376 377 378
noninter
same inverse
norain
day day

#72
F123 363 364 365 366 367 368 369 370 371 372 373 374 375 376 377 378
F123 633 634 635 636 637 638 639 640 641 642 643 644 645 646 647 648 649 650 651 652
noninter
same inverse
norain
day day

#73
F123 276 277 278 279 280 281 282 283 284 285 286 287 288 289 290
F123 723 724 725 726 727 728 729 830 731 732 733 734 735 736 737 738 739 740 741 742
noninter
same inverse
norain
day day

#76
F123 363 364 365 366 367 368 369 370 371 372 373 374 375 376 377 378
F123 1299 1300 1301 1302 1303 1304 1305 1306 1307 1308 1309 1310 1311 1312 1313
noninter
same inverse
norain
day day

#77
F123 276 277 278 279 280 281 282 283 284 285 286 287 288 289 290
F123 1318 1319 1320 1321 1322 1323 1324 1325 1326 1327 1328 1329 1330 1331 1332 1333 1334 1335 1336 1337
noninter
same inverse
norain
day day

#79
F123 633 634 635 636 637 638 639 640 641 642 643 644 645 646 647 648 649 650 651 652
F123 723 724 725 726 727 728 729 830 731 732 733 734 735 736 737 738 739 740 741 742
noninter
same inverse
norain
day day

#81
F123 723 724 725 726 727 728 729 830 731 732 733 734 735 736 737 738 739 740 741 742
F123 1299 1300 1301 1302 1303 1304 1305 1306 1307 1308 1309 1310 1311 1312 1313
noninter
same inverse
norain
day day

#82
F123 633 634 635 636 637 638 639 640 641 642 643 644 645 646 647 648 649 650 651 652
F123 1318 1319 1320 1321 1322 1323 1324 1325 1326 1327 1328 1329 1330 1331 1332 1333 1334 1335 1336 1337
noninter
same inverse
norain
day day

#84
F123 1299 1300 1301 1302 1303 1304 1305 1306 1307 1308 1309 1310 1311 1312 1313
F123 1318 1319 1320 1321 1322 1323 1324 1325 1326 1327 1328 1329 1330 1331 1332 1333 1334 1335 1336 1337
noninter
same inverse
norain
day day

#85
F123 753 754 755 756 757 758 759 760 761 762 763 764 765 766 767 768
F123 77 78 79 80 81 82 83 84 85 86 87 88 89 90
noninter
same inverse
norain
day day

#86
F123 1352 1353 1354 1355 1356 1357 1358 1359 1360 1361 1362 1363
F123 77 78 79 80 81 82 83 84 85 86 87 88 89 90
noninter
same inverse
norain
day day

#88
F123 760 761 762 763 764 765 766 767 768 769 770 771 772 773 774 775 776 777 778 779
F123 49 50 51 52 53 54 55 56 57 58 72 73 74 75 76 77 78 79 80
noninter
same inverse
norain
day day

#89
F123 1375 1376 1377 1378 1379 1381 1383 1385 1386 1387 1388 1389 1390 1391 1392 1393 1394 1395
F123 49 50 51 52 53 54 55 56 57 58 72 73 74 75 76 77 78 79 80
noninter
same inverse
norain
day day

#1
F19 162 163 164 165 166 167 168 169 170 171 172 173 174 175 176 177 178 179 180 181 182
F20 1040 1041 1042 1043 1044 1045 1046 1047 1048 1049 1050 1051 1052 1053 1054 1055 1056
noninter
same inverse
rain 1
evening evening

#2
F19 195 196 197 198 199 201 202 203 204 205 206 207 208 209 210 211 212 213 214 215
F20 1019 1020 1021 1022 1023 1024 1025 1026 1027 1028
inter4
same inverse
rain 1
evening evening

#3
F19 211 212 213 214 215 216 217 218 219 220 221 222 223 224 225 226 227 228 229 230 231
F20 1000 1001 1002 1003 1004 1005 1007 1008 1009 1010 1011 1012 1013 1014 1015 1016 1017 1018 1019 1020
inter4
same inverse
rain 1
evening evening

#4
F19 220 221 222 223 224 225 226 227 228 229 230 231 232 233 234 235 236 237 238 239 240
F20 994 995 996 997 998 999 1000 1001 1002 1003 1004 1005 1006 1007 1008 1009 1010 1011 1012 1013 1014
noninter
same inverse
rain 1
evening evening

#5
F19 240 241 242 243 244 245 246 247 248 249 250 251 252 253 254 255 256 257 258 259 260
F20 979 980 981 982 983 984 985 986 987 988 989 990 991 992 993 994 995 996 997 998 999
inter4
same inverse
rain 1
evening evening

#6
F19 261 262 263 264 265 266 267 268 269 270 271 272 273 274 275 276 277 278 279 280
F20 964 965 966 967 968 969 970 971 972 973 974 975 976 977 978 979 980
inter4
same inverse
rain 1
evening evening

#7
F19 285 286 287 288 289 291 292 294 296 298 300 302 304 306 308 311 312 314 317 318
F20 902 903 904 905 906 908 910 911 912 913 914 915 917 919 920 921 922 924 925 927
inter4
same inverse
rain 1
evening evening

#8
F19 1151 1152 1153 1154 1155 1156 1157 1158 1159 1160 1161 1162 1163 1164 1165 1166 1167 1168 1169 1170
F20 132 133 134 135 136 137 138 139 140 141 142 143 144 145 146 147 148 149 150 151 152
noninter
same inverse
rain 1
evening evening

1
F118 29 30 31 32 33 34 35 36 37 38 39 40 41
F118 103 104 105 106 107 108 109 110 111 112 113 114 115 116 117 118 119 120 121 122
inter4
overlap inverse
norain
day day

3
F118 29 30 31 32 33 34 35 36 37 38 39 40 41
F118 327 328 329 330 331 332 333 334 335 336 337 338 339 340 341 342 343 344 345 346
inter4
overlap inverse
norain
day day

5
F118 29 30 31 32 33 34 35 36 37 38 39 40 41
F118 562 563 564 565 566 567 568 569 570 571 572 573 574 575 576 577 578 579
inter4
overlap inverse
norain
day day

6
F118 29 30 31 32 33 34 35 36 37 38 39 40 41
F119 726 727 728 729 730 731 732 733 734 735 736 737 738 739 740 741 742 743 744 745
inter4
same inverse
norain
day day

7
F118 29 30 31 32 33 34 35 36 37 38 39 40 41
F118 103 104 105 106 107 108 109 110 111 112 113 114 115 116 117 118 119 120 121 122
inter4
overlap inverse
norain
day day

10
F118 103 104 105 106 107 108 109 110 111 112 113 114 115 116 117 118 119 120 121 122
F118 237 238 239 240 241 242 243 244 245 246 247 248 249 250 251 252 253 254 255 256
inter4
overlap inverse
norain
day day

12
F118 103 104 105 106 107 108 109 110 111 112 113 114 115 116 117 118 119 120 121 122
F118 488 489 490 491 492 493 494 495 496 497 498 499 500 501
inter4
overlap inverse
norain
day day

16
F118 237 238 239 240 241 242 243 244 245 246 247 248 249 250 251 252 253 254 255 256
F118 327 328 329 330 331 332 333 334 335 336 337 338 339 340 341 342 343 344 345 346
inter4
overlap inverse
norain
day day

20
F118 237 238 239 240 241 242 243 244 245 246 247 248 249 250 251 252 253 254 255 256
F118 676 677 678 679 680 681 682 683 684 685 686 687
inter4
same inverse
norain
day day

21
F118 327 328 329 330 331 332 333 334 335 336 337 338 339 340 341 342 343 344 345 346
F118 488 489 490 491 492 493 494 495 496 497 498 499 500 501
inter4
overlap inverse
norain
day day

22
F118 327 328 329 330 331 332 333 334 335 336 337 338 339 340 341 342 343 344 345 346
F118 562 563 564 565 566 567 568 569 570 571 572 573 574 575 576 577 578 579
inter4
overlap inverse
norain
day day

25
F118 488 489 490 491 492 493 494 495 496 497 498 499 500 501
F119 726 727 728 729 730 731 732 733 734 735 736 737 738 739 740 741 742 743 744 745
inter4
same inverse
norain
day day

26
F118 488 489 490 491 492 493 494 495 496 497 498 499 500 501
F118 562 563 564 565 566 567 568 569 570 571 572 573 574 575 576 577 578 579
inter4
overlap inverse
norain
day day

29
F118 562 563 564 565 566 567 568 569 570 571 572 573 574 575 576 577 578 579
F118 676 677 678 679 680 681 682 683 684 685 686 687
inter4
overlap inverse
norain
day day

35
F119 28 29 30 31 32 33 34 35 36 37 38 39 40 41 42 43 44
F119 55 56 57 58 59 60 61 62 63 64 65 66 67
inter4
same inverse
norain
day day

39
F119 55 56 57 58 59 60 61 62 63 64 65 66 67
F119 570 571 572 573 574 575 576 577 578 579 580 581 582
inter4
overlap inverse
norain
day evening

42
F119 55 56 57 58 59 60 61 62 63 64 65 66 67
F119 720 722 724 726 728 730 731 732 736 737 738 739 740 741 742 743 744 745
inter4
overlap inverse
norain
day evening

43
F119 570 571 572 573 574 575 576 577 578 579 580 581 582
F119 658 659 660 661 662 663 664 665 666 667 668 669 670 671 672 673 674
inter4
overlap inverse
norain
evening evening

45
F119 658 659 660 661 662 663 664 665 666 667 668 669 670 671 672 673 674
F119 720 722 724 726 728 730 731 732 736 737 738 739 740 741 742 743 744 745
inter4
overlap inverse
norain
evening evening

47
F118 29 30 31 32 33 34 35 36 37 38 39 40 41
F119 720 722 724 726 728 730 731 732 736 737 738 739 740 741 742 743 744 745
inter4
same inverse
norain
day evening

50
F118 29 30 31 32 33 34 35 36 37 38 39 40 41
F119 28 29 30 31 32 33 34 35 36 37 38 39 40 41 42 43 44
inter4
overlap inverse
norain
day day

54
F119 658 659 660 661 662 663 664 665 666 667 668 669 670 671 672 673 674
F118 103 104 105 106 107 108 109 110 111 112 113 114 115 116 117 118 119 120 121 122
inter4
same inverse
norain
evening day

58
F119 28 29 30 31 32 33 34 35 36 37 38 39 40 41 42 43 44
F118 237 238 239 240 241 242 243 244 245 246 247 248 249 250 251 252 253 254 255 256
inter4
overlap inverse
norain
day day

60
F119 55 56 57 58 59 60 61 62 63 64 65 66 67
F118 327 328 329 330 331 332 333 334 335 336 337 338 339 340 341 342 343 344 345 346
inter4
same inverse
norain
day day

63
F119 720 722 724 726 728 730 731 732 736 737 738 739 740 741 742 743 744 745
F118 488 489 490 491 492 493 494 495 496 497 498 499 500 501
inter4
same inverse
norain
evening day

66
F119 28 29 30 31 32 33 34 35 36 37 38 39 40 41 42 43 44
F118 488 489 490 491 492 493 494 495 496 497 498 499 500 501
inter4
overlap inverse
norain
day day

67
F119 28 29 30 31 32 33 34 35 36 37 38 39 40 41 42 43 44
F118 562 563 564 565 566 567 568 569 570 571 572 573 574 575 576 577 578 579
inter4
overlap inverse
norain
day day

69
F119 658 659 660 661 662 663 664 665 666 667 668 669 670 671 672 673 674
F118 562 563 564 565 566 567 568 569 570 571 572 573 574 575 576 577 578 579
inter4
overlap inverse
norain
evening day

72
F119 658 659 660 661 662 663 664 665 666 667 668 669 670 671 672 673 674
F119 726 727 728 729 730 731 732 733 734 735 736 737 738 739 740 741 742 743 744 745
inter4
overlap inverse
norain
evening day

73
F119 55 56 57 58 59 60 61 62 63 64 65 66 67
F119 726 727 728 729 730 731 732 733 734 735 736 737 738 739 740 741 742 743 744 745
inter4
overlap inverse
norain
day day

#1
F29 12 13 14 15 18 20 22 23 25 27 29 31 33 35 37 39 40 42 43 44
F28 14 16 18 20 23 26 36 40 48 49 50 51 53 54 55 56 59 61 62 64
inter4
same inverse
norain
day day

#2
F1 119 120 121 122 123 124 125 126 127 128 129 130 131 132 133 134 135 137 139
F27 905 906 907 908 909 910 911 912 913 914 915 916 917 918 919 920
noninter
same inverse
norain
night night

#2
F1 33 34 35 36 37 38 39 40 41 42 43 44 45
F27 964 965 966 967 968 969 970 971 972 973 974 975 976 977 978 979 980
inter4
same inverse
norain
night night

#3
F1 41 42 43 44 45 46 47 48 49 50 51 52 53 54 55 56 57 58 59 60 61
F27 962 963 964 965 966 967 968 969 970 971
noninter
same inverse
norain
night night

#4
F1 58 59 60 61 62 63 64 65 66 67 68 69 70 71 72 73 74 75 76
F27 950 951 952 953 954 955 956 957 958 959 960 961 962 963
inter4
same inverse
norain
night night

#5
F1 74 75 76 77 78 79 80 81 82 83 84 85 86 87 88 89 90
F27 935 936 937 938 939 940 941 942 943 944 945 946 947 448 949
inter4
same inverse
norain
night night

#6
F1 2 3 4 7 9 11 13 15 17 19 20 21 22 23 24 25 26 27 28
F27 987 988 989 990 991 992 993 994 995 996 997 998 999 1000 1001 1002 1003 1004 1005
inter4
same inverse
norain
night night

#7
F1 150 151 152 155 157 159 161 163 165 167 169 171 173 174 175 177 179 180 181 183
F27 870 871 872 873 874 875 877 878 879 880 881 883 884 885 886 887 888 889 890
noninter
same inverse
norain
night night

#8
F1 160 162 164 166 168 170 171 172 173 174 175 176 177 178 179 180 181 183 184
F27 870 871 872 873 874 875 876 878 879 880 881 883 884 885 886 887 888 889 890
inter4
same inverse
norain
night night

1
F3 47 48 49 50 51 52 53 54 55 56 57 58 59 60 61
F4 1042 1043 1044 1045 1046 1047 1048 1049 1050 1051 1052 1053 1054 1055 1056 1057 1058 1059 1060 1061
noninter
same inverse
norain
day day

2
F3 68 69 70 71 72 73 74 75 76 77 78 79 80 81 82 83
F4 1005 1006 1007 1008 1009 1010 1015 1020 1025 1026 1027 1028 1029 1030 1031 1032 1033 1034 1035
inter3
same inverse
norain
day day

3
F3 82 83 84 85 86 87 88 89 92 95 97 98 99 100 101 102 103 104
F4 992 993 994 995 996 997 998 999 1000 1001 1002 1003 1004
inter4
same inverse
norain
day day

4
F3 104 105 106 107 108 109 110 111 112 113 114 115 116 117
F4 973 974 975 976 977 978 979 980 981 982 983 984 985 986 987 988 989 990 991 992 993
inter4
same inverse
norain
day day

5
F3 126 127 128 129 130 131 132 135 139 142 147 149 150 151 152 153 154 155
F4 946 947 948 949 950 951 952 953 954 955 956 957 958 959 960 961 962 963 964
inter4
same inverse
norain
day day

6
F3 159 160 161 162 163 164 165 166 168 172 175 177 178 179 180 181 182
F4 919 920 922 924 926 928 929 930 932 934 935 937 938 939 940 941 942
inter4
same inverse
norain
day day

7
F3 181 182 183 184 185 186 187 188 189 190 191
F4 888 890 892 893 894 895 896 897 898 901 905 907 909 911 913 915 917 918 919 920
inter4
same inverse
norain
day day

8
F3 201 202 203 204 206 208 209 210 212 213 214 217 220 223 226 229 230
F4 872 873 874 875 876 877 878 879 880 881 882 883 884 885 886 887 888
inter4
same inverse
norain
day day

9
F3 266 268 271 273 275 277 281 283 284 285 286 287 288
F4 818 819 820 821 822 823 824 825 826 827 828 829 830 831 832 833 834
inter4
same inverse
norain
day day

1
F9 33 34 35 36 37 38 39 40 41 42 43 44 45 46 47 48 49 50
F10 1689 1690 1691 1692 1693 1694 1695 1696 1697 1698 1699 1700 1701 1702 1703 1704
noninter
same inverse
norain
day day

2
F9 110 111 112 113 114 115 116 117 118 119 120 121 122 123 124 125 126 127 128
F10 1574 1575 1576 1577 1578 1579 1580 1581 1582 1583 1584 1585 1586 1587 1588
inter4
same inverse
norain
day day

3
F9 149 150 151 152 153 154 155 156 157 158 159
F10 1534 1535 1536 1537 1538 1539 1540 1541 1542 1543 1544 1545 1546 1547 1548 1549 1550 1551 1552 1553
noninter
same inverse
norain
day day

4
F9 192 193 194 195 196 197 198 199 200 201 202 203 204 205 206 207
F10 1476 1477 1478 1479 1480 1481 1482 1483 1484 1485 1486 1487 1488 1489 1490 1491 1492 1493 1494 1495
inter3
same inverse
norain
day day

5
F9 217 218 219 220 221 222 223 224 225 226 227 228 229 230 231 232 233
F10 1443 1444 1445 1446 1447 1448 1449 1450 1451 1452 1453 1454 1455 1456 1457 1458 1459 1460 1461 1462
noninter
same inverse
norain
day day

6
F9 279 280 281 282 283 284 285 286 287 288 289 290 291
F10 1379 1380 1381 1382 1383 1384 1385 1386 1387 1388 1389 1390 1391
inter4
same inverse
norain
day day

7
F9 299 300 302 306 360 364 367 369 371 372 373 374 375 376 377 378 379
F10 1354 1355 1356 1357 1358 1359 1360 1361 1369 1371 1373 1374 1375
inter4
same inverse
norain
day day

8
F9 641 642 643 644 645 646 647 648 649 650 651 652 653 654 655 656 657 658
F10 857 858 859 860 861 862 863 864 865 866 867 868 869 870 871 872 873 874
noninter
same inverse
norain
day day

9
F9 657 658 660 662 664 667 670 673 675 685 686 687 688
F10 812 814 817 820 843 845 848 852 853 854 855 856 857
noninter
same inverse
norain
day day

10
F9 693 694 695 696 697 698 699 700 701 702 703 704 705 706 707
F10 783 784 785 786 787 788 789 790 791 792 793 794 795 796 797 798 799 800 801
noninter
same inverse
norain
day day

11
F9 706 707 708 709 710 711 712 713 714 715 716 717 718 719 720
F10 772 773 774 775 776 777 778 779 780 781 782 783 784
noninter
same inverse
norain
day day

12
F9 720 721 722 723 724 725 726 727 728 729 730 731
F10 733 734 735 736 737 738 739 740 741 742 743 744 745 746 747 748 749
noninter
same inverse
norain
day day

13
F9 730 731 732 733 734 735 736 737 738 739 740 741 742 743 744 745
F10 723 724 725 726 727 728 729 730 731 732 733 734 735 736
noninter
same inverse
norain
day day

14
F9 748 749 750 751 752 753 754 755 756 757 758 759
F10 664 665 666 667 668 669 670 671 672 673 674
inter3
same inverse
norain
day day

15
F9 759 760 761 762 763 764 765 766 767 768 769 770 771 772 773 774 775 776 777
F10 650 651 652 653 654 655 656 657 658 659 660 661 662 663
noninter
same inverse
norain
day day

16
F9 796 797 798 799 800 801 802 803 804 805 806 807 808 809 810 811 812 813 814 815 816
F10 587 588 589 590 591 592 594 597 600 605 614 615 616 617 618 619 620
inter4
same inverse
norain
day day

17
F9 834 835 836 837 838 839 840 841 842 843 844 845 846 847
F10 573 574 575 576 577 578 579 580 581 582 583 584 585 586 587
inter4
same inverse
norain
day day

18
F9 851 852 853 854 855 856 857 858 859 860 861 862 863 864 865 866 867 868 869
F10 466 467 468 469 470 471 474 477 480 531 534 535 536 537 538 539 540
inter4
same inverse
norain
day day

19
F9 874 875 876 877 878 879 880 881 882 883 884 885 886 887 888
F10 440 441 442 443 444 445 446 447 448 449 450 451 452 453 454
noninter
same inverse
norain
day day

20
F9 893 894 895 896 897 898 900 902 904 906 908 910 912 918 920 923
F10 359 360 361 381 428 430 432 433 434 435 436 437
noninter
same inverse
norain
day day

21
F9 910 912 913 917 919 920 921 922 923 924 925 926 927 928 929 930 931 932 933
F10 344 345 346 347 348 349 350 351 352 353 354 355 356 357 358 359 360 361 362 363
inter4
same inverse
norain
day day

22
F9 928 929 930 931 932 933 934 935 936 937 938 939 940 941 942
F10 333 334 335 336 337 338 339 340 341 342 343 344 345 346
noninter
same inverse
norain
day day

23
F9 941 942 943 944 945 946 947 948 949 950 951 952 953 954 955 956 957 958
F10 322 323 324 325 326 327 328 329 330 331 332 333 334 335 336 337 338 339
inter4
same inverse
norain
day day

24
F9 959 960 961 962 963 964 965 966 967 968 969 970 971 972
F10 165 166 167 168 169 170 171 172 173 174 175 176 177 178 179 180 181
noninter
same inverse
norain
day day

25
F9 974 975 976 977 978 979 980 981 982 983 984 985 986 987 988 989 990 991 992 993
F10 151 152 153 154 155 156 157 158 159 160 161 162 163 164 165
noninter
same inverse
norain
day day

26
F9 987 988 990 992 994 996 998 1000 1014 1015 1016 1017 1018 1019
F10 104 105 106 107 109 111 145 147 149 151 152 153 154
inter4
same inverse
norain
day day

1
F13 21 22 23 24 25 26 27 28 29 30 31 32 33 34 35 36 37 38 39
F14 1231 1232 1233 1234 1235 1236 1237 1238 1239 1240 1241 1242 1243 1244 1245 1246 1247 1248 1249 1250
noninter
same inverse
norain
day day

2
F13 49 50 51 52 53 54 55 56 57 58 59 60 61 62 63 64 65 66
F14 1169 1170 1172 1174 1176 1178 1180 1182 1184 1186 1188 1190 1192 1194 1196 1198 1200 1202 1204 1206
noninter
same inverse
norain
day day

3
F13 70 71 72 73 74 75 76 77 78 79 80 81 82 83 84 85
F14 1144 1145 1146 1147 1148 1149 1150 1151 1152 1153 1154 1155 1156 1157 1158 1159 1160 1161 1162
noninter
same inverse
norain
day day

5
F13 228 230 232 234 236 238 240 242 244 246 247 248 249
F14 942 943 944 945 946 947 948 949 950 951 952 953 954 955 956 957 958 959 960 961
inter4
same inverse
norain
day day

6
F13 250 251 252 253 254 255 256 257 258 259 260 261
F14 905 906 907 908 909 912 916 920 921 924 927 933 934 935 936 937 938 939 940 941
inter4
same inverse
norain
day day

7
F13 581 582 584 586 588 590 592 594 596 598 600 602 604 606 608 610 612 614 616
F14 674 675 676 677 678 679 680 681 682 683 684 685 686 687 688 689 690 691 692
inter4
same inverse
norain
day day

8
F13 1096 1097 1098 1100 1102 1104 1106 1108 1110 1112 1114 1116 1118 1120 1122 1124
F14 247 248 249 250 251 252 253 254 255 256 257 258 259 260 261 262 263
inter4
same inverse
norain
day day

9
F13 1158 1160 1162 1164 1166 1168 1170 1172 1173 1174 1175 1176 1177 1178 1179 1180 1181 1182
F14 139 140 141 142 143 144 145 146 147 148 149 150 151 152 153 154 155 156 157 158 159
noninter
same inverse
norain
day day

10
F13 261 262 263 265 267 269 271 273 275 277 279 280 283 289 292
F14 851 852 853 854 855 856 857 875 877 879 881 883 885 887 888 889
inter4
same inverse
norain
day day

11
F13 300 301 302 303 304 305 306 307 308 309 310 311 312 313 314 315 316 317 318 319
F14 825 826 827 828 829 830 831 832 833 834 836 838 840 842 844 846 848 850
inter4
same inverse
norain
day day

12
F13 332 334 336 337 338 342 350 352 354 356 358 360 362 364 366 368 370
F14 789 790 791 792 793 794 795 796 797 798 800 801 802 803 804 805
inter4
same inverse
norain
day day

1
F23 1318 1319 1320 1321 1322 1323 1324 1325 1326 1327 1328 1329 1330 1331 1332 1333 1334 1335 1336
F24 22 29 33 34 36 37 38 39 40 41 42 43 44 45 46 47 48 49 50 51
inter4
same inverse
norain
day day

2
F23 1299 1300 1301 1302 1303 1304 1305 1306 1307 1308 1309 1310 1311 1312 1313 1314 1315 1316 1317 1318
F24 51 52 53 54 55 56 57 58 60 62 64 65 66 67 68 69 70 71 72
noninter
same inverse
norain
day day

3
F23 1270 1271 1272 1273 1274 1275 1276 1277 1278 1279 1280 1281 1282 1284 1286 1288 1290 1292 1294 1295 1296
F24 71 72 73 74 75 76 77 78 79 81 83 85 87 89 90 91 92 93
inter4
same inverse
norain
day day

4
F23 1184 1186 1188 1190 1193 1196 1199 1249 1251 1253 1255 1257 1259 1261 1263 1265 1267 1269 1271
F24 92 93 94 95 96 97 98 99 100 101 102 103 104 105 106 107 108 109 110 111 112 113 114 117 122 124
inter4
same inverse
norain
day day

5
F23 1180 1182 1184 1186 1188 1190 1192 1194 1196 1198 1250 1252 1254 1256 1258 1259 1260
F24 105 107 109 111 113 115 118 123 124 125 126 127 128 129 130 131
inter4
same inverse
norain
day day

6
F23 1077 1079 1081 1083 1084 1087 1090 1093 1096 1099 1102 1105 1108 1169 1171 1173 1175 1176 1177
F24 134 135 136 137 138 139 140 141 142 143 144 145 146 147 148 149 150 151
inter4
same inverse
norain
day day

7
F23 103 105 107 109 111 112 113 114 115 116 117 118 119 120 121 122 123 125 126 127
F24 997 999 1001 1003 1005 1007 1009 1011 1013 1015 1017 1018 1019 1020 1021 1022 1023
noninter
same inverse
norain
day day

1
F11 171 172 173 174 175 176 177 178 179 180 181 182 183 184 185 186
F12 1281 1282 1283 1284 1285 1286 1287 1288 1289 1290 1291 1292 1293 1294 1295 1296
noninter
same inverse
rain 12
evening evening

2
F11 1082 1083 1094 1085 1086 1087 1088 1089 1090 1091 1092 1093 1094 1096
F12 106 107 108 109 110 111 112 113 114 115 116 117 118 119 120 121 122 123 124 125
inter4
same inverse
rain 12
evening evening

3
F11 201 202 203 204 205 206 207 208 209 210 211 212 213 214 215
F12 1231 1232 1233 1234 1235 1236 1237 1238 1239 1240 1241 1242 1243 1244 1245 1246 1247
noninter
same inverse
rain 12
evening evening

4
F11 214 215 216 217 218 219 220 221 222 223 224
F12 1173 1174 1175 1176 1177 1178 1179 1180 1181 1182 1183 1184 1185 1186 1187 1188
noninter
same inverse
rain 12
evening evening

5
F11 414 415 416 417 418 419 420 421 422 423 424 425 426 427 428
F12 1159 1160 1161 1162 1163 1164 1165 1166 1167 1168 1169 1170 1171 1172
noninter
same inverse
rain 12
evening evening

6
F11 425 426 427 428 429 431 434 450 451 452 453 455 459 460 460 461 462 463
F12 1146 1147 1148 1149 1150 1151 1152 1153 1158 1159 1160 1161 1162 1163
inter4
same inverse
rain 12
evening evening

7
F11 701 702 703 704 705 706 707 708 709 710 711 712 713 714
F12 695 696 697 698 699 700 701 702 703 704 705 706 707 708 709
noninter
same inverse
rain 12
evening evening

8
F11 1019 1021 1023 1025 1027 1029 1030 1031 1032 1033 1034 1035 1036 1037 1038 1039 1040 1041
F12 205 206 207 208 209 210 211 212 213 214 215 216 217 218 219 220 221 222 223 224
noninter
same inverse
rain 12
evening evening

9
F11 959 960 961 962 963 964 965 966 967 968 969 970 971 972 973 974 975 976 977 978
F12 280 281 282 283 284 285 286 287 288 289 290 291 292 293 294 295
noninter
same inverse
rain 12
evening evening

10
F11 890 891 892 893 894 895 896 897 898 900 901 902 903 904 905
F12 348 349 350 351 352 353 354 355 356 357 358 359 360 361
noninter
same inverse
rain 12
evening evening

1
F24 4 9 12 17 19 21 23 25 30 33 35 36 37 38 39 40 41 42 43 44
F10 1353 1354 1355 1356 1357 1358 1359 1360 1361 1369 1370 1371 1372 1373 1374 1375 1376
inter4
overlap inverse
norain
day day

2
F23 1327 1328 1329 1330 1331 1332 1333 1334 1335 1336 1337 1338 1339 1340 1341
F9 296 297 298 299 300 302 304 306 308 309 359 362 364 367 369 371 373 374 375
inter4
overlap inverse
norain
day day

3
F24 4 9 12 17 19 21 23 25 30 33 35 36 37 38 39 40 41 42 43 44
F9 296 297 298 299 300 302 304 306 308 309 359 362 364 367 369 371 373 374 375
inter4
overlap inverse
norain
day day

4
F23 1327 1328 1329 1330 1331 1332 1333 1334 1335 1336 1337 1338 1339 1340 1341
F10 1353 1354 1355 1356 1357 1358 1359 1360 1361 1369 1370 1371 1372 1373 1374 1375 1376
inter4
overlap inverse
norain
day day

1
F125 1097 1098 1099 1100 1101 1102 1103 1104 1105 1106 1107
F10 1238 1239 1240 1241 1242 1243 1244 1245 1246 1247 1248 1250 1311 1313 1316 1328 1329 1330 1331
inter4
overlap inverse
norain
day day

2
F125 1097 1098 1099 1100 1101 1102 1103 1104 1105 1106 1107
F10 60 61 63 65 68 71 75 77 79 81 83 85 87 89 90 91 92 93 94 95
inter4
overlap inverse
norain
day night

5
F125 1097 1098 1099 1100 1101 1102 1103 1104 1105 1106 1107
F24 70 71 72 73 74 75 76 77 79 81 84 88 89 90 91 92 93 94 95
inter4
overlap inverse
rain 2
day day

